t_us,run_id,gap,gx,gy,gz,omega_sp,alpha_ff,tilt_x,tilt_y,thrust,angle,erpm,torque,angle_sp,offset_us,erpm_lower,servo_tilt,height,height_raw,height_sp,vz,vz_sp,az,vbat
49775589,1,0,0.0,-0.006,-0.001,0.0,0.0,0.0,0.0,0.0,0.0011,0.0,0.0,0.0,0.0,0.0,0.0,0.46240000000000003,0.464,0.0,-0.016,0.0,0.068,11.246
49779660,1,0,0.003,-0.005,0.003,0.0,0.0,0.0,0.0,0.0,0.0012000000000000001,0.0,0.0,0.0,4071.0,0.0,0.0,0.46240000000000003,0.464,0.0,-0.016,0.0,0.034,11.246
49784640,1,0,0.004,-0.005,0.004,0.0,0.0,0.0,0.0,0.0,0.0012000000000000001,0.0,0.0,0.0,9051.0,0.0,0.0,0.46240000000000003,0.464,0.0,-0.016,0.0,-0.02,11.246
49790763,1,0,0.005,-0.003,0.051000000000000004,0.0,0.0,0.0,0.0,0.0,0.0012000000000000001,5192.0,0.0,0.0,15174.0,2156.0,0.0,0.464,0.467,0.0,0.019,0.0,-0.051000000000000004,11.246
49793569,1,0,0.004,-0.003,0.046,0.0,0.0,0.0,0.0,0.0,0.0013000000000000002,5192.0,0.0,0.0,17980.0,2156.0,0.0,0.464,0.467,0.0,0.019,0.0,0.078,11.132
49795594,1,0,-0.002,-0.004,0.017,0.0,0.0,0.0,0.0,0.0,0.0013000000000000002,5192.0,0.0,0.0,0.0,2156.0,0.0,0.4661,0.47000000000000003,0.0,0.058,0.0,0.039,11.132
49800571,1,0,-0.002,0.002,0.041,0.0,0.0,0.0,0.0,0.0,0.0013000000000000002,2672.0,0.0,0.0,4977.0,2156.0,0.0,0.4661,0.47000000000000003,0.0,0.058,0.0,0.122,11.132
49804663,1,0,-0.002,0.003,0.107,0.0,0.0,0.0,0.0,0.0,0.0013000000000000002,2672.0,0.0,0.0,9069.0,2156.0,0.0,0.4661,0.47000000000000003,0.0,0.058,0.0,-0.004,11.132
49809625,1,0,0.0,0.005,-0.001,0.0,0.0,0.0,0.0,0.0,0.0013000000000000002,2672.0,0.0,0.0,14031.0,1172.0,0.0,0.4682,0.47200000000000003,0.0,0.088,0.0,-0.055,11.132
49812581,1,0,-0.011,0.0,-0.078,0.0,0.0,0.0,0.0,0.0,0.0013000000000000002,1736.0,0.0,0.0,16987.0,1172.0,0.0,0.4682,0.47200000000000003,0.0,0.088,0.0,0.056,11.132
49816675,1,0,0.009000000000000001,0.005,0.027,0.0,0.0,0.0,0.0,0.01,0.0013000000000000002,1136.0,0.0,0.0,0.0,1172.0,0.0,0.46880000000000005,0.47000000000000003,0.0,0.083,0.0,0.171,11.18
49819634,1,0,-0.001,0.005,0.03,0.0,0.0,0.0,0.0,0.01,0.0013000000000000002,1020.0,0.0,0.0,2959.0,1172.0,0.0,0.46880000000000005,0.47000000000000003,0.0,0.083,0.0,0.187,11.18
49824676,1,0,-0.011,0.009000000000000001,-0.167,0.0,0.0,0.0,0.0,0.02,0.0013000000000000002,1020.0,0.0,0.0,8001.0,1172.0,0.0,0.46880000000000005,0.47000000000000003,0.0,0.083,0.0,0.147,11.18
49827592,1,0,-0.004,0.005,-0.10300000000000001,0.0,0.0,0.0,0.0,0.02,0.0013000000000000002,1020.0,0.0,0.0,10917.0,1172.0,0.0,0.4685,0.468,0.0,0.061,0.0,0.161,11.18
49832594,1,0,0.006,0.006,-0.067,0.0,0.0,0.0,0.0,0.03,0.0013000000000000002,1020.0,0.0,0.0,15919.0,1232.0,0.0,0.4685,0.468,0.0,0.061,0.0,0.057,11.18
49837603,1,0,-0.008,0.006,-0.171,0.0,0.0,0.0,0.0,0.04,0.0013000000000000002,1080.0,0.0,0.0,0.0,1284.0,0.0,0.468,0.467,0.0,0.038,0.0,0.132,11.167
49839644,1,0,-0.001,0.012,-0.10200000000000001,0.0,0.0,0.0,0.0,0.04,0.0012000000000000001,1164.0,0.0,0.0,2041.0,1284.0,0.0,0.468,0.467,0.0,0.038,0.0,0.17,11.167
49844694,1,0,0.007,0.008,0.013000000000000001,0.0,0.0,0.0,0.0,0.05,0.0012000000000000001,1468.0,0.0,0.0,7091.0,1284.0,0.0,0.468,0.467,0.0,0.038,0.0,0.223,11.167
49847611,1,0,0.003,0.017,-0.054,0.0,0.0,0.0,0.0,0.06,0.0012000000000000001,1584.0,0.0,0.0,10008.0,1284.0,0.0,0.4676,0.467,0.0,0.023,0.0,0.182,11.167
49852610,1,0,0.001,0.01,0.013000000000000001,0.0,0.0,0.0,0.0,0.07,0.0011,1668.0,0.0,0.0,15007.0,1376.0,0.0,0.4676,0.467,0.0,0.023,0.0,0.115,11.167
49857618,1,0,-0.005,0.007,0.059000000000000004,0.0,0.0,0.0,0.0,0.08,0.001,1844.0,0.0,0.0,0.0,1376.0,0.0,0.4667,0.465,0.0,0.0,0.0,-0.027,11.163
49859661,1,0,-0.002,0.008,0.033,0.0,0.0,0.0,0.0,0.08,0.0009000000000000001,2024.0,0.0,0.0,2043.0,1504.0,0.0,0.4667,0.465,0.0,0.0,0.0,0.009000000000000001,11.163
49864707,1,0,-0.008,0.011,0.07100000000000001,0.0,0.0,0.0,0.0,0.09,0.0009000000000000001,2368.0,0.0,0.0,7089.0,1616.0,0.0,0.4667,0.465,0.0,0.0,0.0,0.07100000000000001,11.163
49869670,1,0,0.01,0.008,0.116,0.0,0.0,0.0,0.0,0.1,0.0008,2616.0,0.0,0.0,12052.0,1868.0,0.0,0.46580000000000005,0.464,0.0,-0.019,0.0,0.113,11.163
49872624,1,0,0.001,0.007,0.055,0.0,0.0,0.0,0.0,0.11,0.0008,2808.0,0.0,0.0,15006.0,2024.0,0.0,0.46580000000000005,0.464,0.0,-0.019,0.0,0.095,11.163
49877627,1,0,-0.007,0.013000000000000001,0.063,0.0,0.0,0.0,0.0,0.11,0.0007,2984.0,0.0,0.0,0.0,2336.0,0.0,0.4655,0.465,0.0,-0.02,0.0,0.058,11.217
49879675,1,0,-0.003,0.011,0.08600000000000001,0.0,0.0,0.0,0.0,0.12,0.0007,3244.0,0.0,0.0,2048.0,2528.0,0.0,0.4655,0.465,0.0,-0.02,0.0,0.061,11.217
49884712,1,0,0.006,0.003,0.033,0.0,0.0,0.0,0.0,0.13,0.0006000000000000001,3460.0,0.0,0.0,7085.0,2716.0,0.0,0.4655,0.465,0.0,-0.02,0.0,-0.001,11.217
49889673,1,0,-0.017,0.001,-0.006,0.0,0.0,0.0,0.0,0.15,0.0006000000000000001,3620.0,0.0,0.0,12046.0,2996.0,0.0,0.4657,0.466,0.0,-0.013000000000000001,0.0,-0.079,11.217
49892656,1,0,-0.002,-0.008,0.007,0.0,0.0,0.0,0.0,0.16,0.0006000000000000001,3756.0,0.0,0.0,15029.0,3144.0,0.0,0.4657,0.466,0.0,-0.013000000000000001,0.0,-0.035,11.217
49897638,1,0,-0.021,0.003,-0.028,0.0,0.0,0.0,0.0,0.17,0.0006000000000000001,3948.0,0.0,0.0,0.0,3312.0,0.0,0.4651,0.464,0.0,-0.022,0.0,-0.035,11.151
49899679,1,0,-0.029,0.005,-0.042,0.0,0.0,0.0,0.0,0.17,0.0005,3988.0,0.0,0.0,2041.0,3620.0,0.0,0.4651,0.464,0.0,-0.022,0.0,-0.058,11.151
49904768,1,0,0.002,-0.013000000000000001,-0.031,0.0,0.0,0.0,0.0,0.19,0.0005,4224.0,0.0,0.0,7130.0,3912.0,0.0,0.4651,0.464,0.0,-0.022,0.0,-0.078,11.151
49907649,1,0,-0.017,-0.006,-0.028,0.0,0.0,0.0,0.0,0.19,0.0005,4224.0,0.0,0.0,10011.0,4184.0,0.0,0.46440000000000003,0.463,0.0,-0.032,0.0,-0.026000000000000002,11.151
49912653,1,0,0.001,-0.004,-0.06,0.0,0.0,0.0,0.0,0.21,0.0005,4392.0,0.0,0.0,15015.0,4240.0,0.0,0.46440000000000003,0.463,0.0,-0.032,0.0,-0.047,11.151
49917554,1,0,-0.02,-0.018000000000000002,-0.034,0.0,0.0,0.0,0.0,0.23,0.0004,4608.0,0.0,0.0,0.0,4400.0,0.0,0.4646,0.465,0.0,-0.021,0.0,0.007,11.184000000000001
49919696,1,0,0.004,-0.002,-0.015,0.0,0.0,0.0,0.0,0.23,0.0004,4744.0,0.0,0.0,2142.0,4484.0,0.0,0.4646,0.465,0.0,-0.021,0.0,0.021,11.184000000000001
49924823,1,0,-0.008,-0.016,-0.01,0.0,0.0,0.0,0.0,0.24,0.0004,4908.0,0.0,0.0,7269.0,4676.0,0.0,0.46540000000000004,0.467,0.0,0.0,0.0,-0.113,11.184000000000001
49927661,1,0,0.011,-0.002,-0.019,0.0,0.0,0.0,0.0,0.25,0.0004,4936.0,0.0,0.0,10107.0,4768.0,0.0,0.46540000000000004,0.467,0.0,0.0,0.0,-0.132,11.184000000000001
49932666,1,0,-0.026000000000000002,-0.007,0.031,0.0,0.0,0.0,0.0,0.26,0.00030000000000000003,5152.0,0.0,0.0,15112.0,5024.0,0.0,0.46540000000000004,0.467,0.0,0.0,0.0,-0.009000000000000001,11.184000000000001
49937670,1,0,0.003,-0.019,0.01,0.0,0.0,0.0,0.0,0.27,0.0004,5340.0,0.0,0.0,0.0,5164.0,0.0,0.466,0.467,0.0,0.011,0.0,-0.098,11.22
49939751,1,0,-0.018000000000000002,-0.001,0.021,0.0,0.0,0.0,0.0,0.28,0.0004,5432.0,0.0,0.0,2081.0,5296.0,0.0,0.466,0.467,0.0,0.011,0.0,-0.037,11.22
49944828,1,0,-0.003,-0.01,0.028,0.0,0.0,0.0,0.0,0.29,0.0004,5528.0,0.0,0.0,7158.0,5564.0,0.0,0.46630000000000005,0.467,0.0,0.016,0.0,-0.218,11.22
49947672,1,0,0.006,-0.002,0.034,0.0,0.0,0.0,0.0,0.3,0.0004,5648.0,0.0,0.0,10002.0,5612.0,0.0,0.46630000000000005,0.467,0.0,0.016,0.0,-0.133,11.22
49953671,1,0,0.004,-0.008,0.002,0.0,0.0,0.0,0.0,0.32,0.0004,5788.0,0.0,0.0,16001.0,5896.0,0.0,0.46630000000000005,0.467,0.0,0.016,0.0,-0.388,11.22
49955676,1,0,0.014,0.001,0.014,0.0,0.0,0.0,0.0,0.32,0.0004,5876.0,0.0,0.0,0.0,5952.0,0.0,0.4666,0.467,0.0,0.017,0.0,-0.429,11.155
49960726,1,0,0.001,0.001,0.004,0.0,0.0,0.0,0.0,0.34,0.0005,6108.0,0.0,0.0,5050.0,6188.0,0.0,0.4666,0.467,0.0,0.017,0.0,-0.309,11.155
49964828,1,0,0.001,0.002,-0.009000000000000001,0.0,0.0,0.0,0.0,0.35000000000000003,0.0005,6376.0,0.0,0.0,9152.0,6400.0,0.0,0.4671,0.468,0.0,0.024,0.0,-0.28600000000000003,11.155
49967673,1,0,0.004,-0.002,-0.019,0.0,0.0,0.0,0.0,0.35000000000000003,0.0005,6376.0,0.0,0.0,11997.0,6376.0,0.0,0.4671,0.468,0.0,0.024,0.0,-0.217,11.155
49972552,1,0,-0.005,0.003,-0.01,0.0,0.0,0.0,0.0,0.37,0.0005,6532.0,0.0,0.0,16876.0,6744.0,0.0,0.4671,0.468,0.0,0.024,0.0,-0.129,11.155
49976553,1,0,0.0,0.005,-0.027,0.0,0.0,0.0,0.0,0.38,0.0004,6816.0,0.0,0.0,0.0,6996.0,0.0,0.46740000000000004,0.468,0.0,0.026000000000000002,0.0,-0.178,11.212
49980735,1,0,0.005,0.002,-0.014,0.0,0.0,0.0,0.0,0.39,0.0005,7024.0,0.0,0.0,4182.0,7128.0,0.0,0.46740000000000004,0.468,0.0,0.026000000000000002,0.0,-0.14300000000000002,11.212
49985585,1,0,-0.009000000000000001,0.009000000000000001,-0.015,0.0,0.0,0.0,0.0,0.4,0.0004,7128.0,0.0,0.0,9032.0,7156.0,0.0,0.468,0.46900000000000003,0.0,0.032,0.0,-0.116,11.212
49987742,1,0,0.007,0.005,-0.007,0.0,0.0,0.0,0.0,0.41000000000000003,0.0004,7184.0,0.0,0.0,11189.0,7212.0,0.0,0.468,0.46900000000000003,0.0,0.032,0.0,0.08,11.212
49992568,1,0,0.0,0.002,-0.007,0.0,0.0,0.0,0.0,0.43,0.0004,7240.0,0.0,0.0,16015.0,7560.0,0.0,0.468,0.46900000000000003,0.0,0.032,0.0,0.076,11.212
49997548,1,0,-0.006,0.014,0.008,0.0,0.0,0.0,0.0,0.45,0.0004,7516.0,0.0,0.0,0.0,7732.0,0.0,0.46730000000000005,0.466,0.0,0.012,0.0,-0.07100000000000001,11.161
50001551,1,0,-0.005,0.003,0.007,0.0,0.0,0.0,0.0,0.47000000000000003,0.0004,7880.0,0.0,0.0,4003.0,7912.0,0.0,0.46730000000000005,0.466,0.0,0.012,0.0,-0.153,11.161
50005754,1,0,-0.001,0.015,0.017,0.0,0.0,0.0,0.0,0.49,0.0004,8028.0,0.0,0.0,8206.0,8240.0,0.0,0.4661,0.464,0.0,-0.014,0.0,-0.14200000000000002,11.161
50007756,1,0,-0.01,0.014,0.016,0.0,0.0,0.0,0.0,0.49,0.0004,8080.0,0.0,0.0,10208.0,8296.0,0.0,0.4661,0.464,0.0,-0.014,0.0,-0.199,11.161
50012552,1,0,0.015,0.007,0.016,0.0,0.0,0.0,0.0,0.52,0.0004,8152.0,0.0,0.0,15004.0,8408.0,0.0,0.4661,0.464,0.0,-0.014,0.0,-0.063,11.161
50017673,1,0,0.001,0.012,0.011,0.0,0.0,0.0,0.0,0.54,0.0004,8352.0,0.0,0.0,0.0,8444.0,0.0,0.4657,0.465,0.0,-0.019,0.0,0.043000000000000003,11.15
50019842,1,0,0.014,0.012,0.01,0.0,0.0,0.0,0.0,0.55,0.0004,8520.0,0.0,0.0,2169.0,8700.0,0.0,0.4657,0.465,0.0,-0.019,0.0,-0.026000000000000002,11.15
50024592,1,0,0.007,0.012,0.004,0.0,0.0,0.0,0.0,0.58,0.0005,8600.0,0.0,0.0,6919.0,8948.0,0.0,0.4657,0.465,0.0,-0.019,0.0,-0.085,11.15
50029556,1,0,-0.013000000000000001,0.007,-0.002,0.0,0.0,0.0,0.0,0.6,0.0004,8972.0,0.0,0.0,11883.0,9168.0,0.0,0.4662,0.467,0.0,-0.006,0.0,-0.095,11.15
50031765,1,0,-0.01,0.001,-0.007,0.0,0.0,0.0,0.0,0.61,0.00030000000000000003,8972.0,0.0,0.0,14092.0,9080.0,0.0,0.4662,0.467,0.0,-0.006,0.0,-0.112,11.15
50035775,1,0,-0.019,0.0,-0.002,0.0,0.0,0.0,0.0,0.62,0.0002,9212.0,0.0,0.0,0.0,9444.0,0.0,0.46580000000000005,0.465,0.0,-0.013000000000000001,0.0,-0.038,11.15
50039844,1,0,-0.012,0.006,-0.005,0.0,0.0,0.0,0.0,0.64,0.0001,9764.0,0.0,0.0,4069.0,9688.0,0.0,0.46580000000000005,0.465,0.0,-0.013000000000000001,0.0,-0.091,11.091000000000001
50044590,1,0,-0.021,-0.002,-0.006,0.0,0.0,0.0,0.0,0.66,0.0,9972.0,0.0,0.0,8815.0,9740.0,0.0,0.46580000000000005,0.465,0.0,-0.013000000000000001,0.0,0.014,11.091000000000001
50048785,1,0,-0.017,0.005,0.0,0.0,0.0,0.0,0.0,0.68,-0.0001,9868.0,0.0,0.0,13010.0,10472.0,0.0,0.46480000000000005,0.463,0.0,-0.03,0.0,-0.011,11.091000000000001
50053551,1,0,0.001,0.0,0.007,0.0,0.0,0.0,0.0,0.7000000000000001,-0.0001,10108.0,0.0,0.0,17776.0,10244.0,0.0,0.46480000000000005,0.463,0.0,-0.03,0.0,0.031,11.091000000000001
50055784,1,0,-0.004,0.0,0.003,0.0,0.0,0.0,0.0,0.71,-0.0001,10080.0,0.0,0.0,0.0,10388.0,0.0,0.4642,0.463,0.0,-0.036000000000000004,0.0,0.116,11.091000000000001
50060785,1,0,-0.003,-0.002,0.008,0.0,0.0,0.0,0.0,0.73,-0.0001,10216.0,0.0,0.0,5001.0,10388.0,0.0,0.4642,0.463,0.0,-0.036000000000000004,0.0,0.145,11.148
50065792,1,0,0.001,0.008,0.012,0.0,0.0,0.0,0.0,0.76,0.0,10444.0,0.0,0.0,10008.0,10684.0,0.0,0.46380000000000005,0.463,0.0,-0.037,0.0,0.178,11.148
50067950,1,0,0.004,0.008,0.009000000000000001,0.0,0.0,0.0,0.0,0.77,0.0,10624.0,0.0,0.0,12166.0,10776.0,0.0,0.46380000000000005,0.463,0.0,-0.037,0.0,0.17400000000000002,11.148
50072551,1,0,0.007,-0.001,0.004,0.0,0.0,0.0,0.0,0.79,0.0,10776.0,0.0,0.0,16767.0,11060.0,0.0,0.46380000000000005,0.463,0.0,-0.037,0.0,0.212,11.148
50076805,1,0,-0.021,-0.004,0.001,0.0,0.0,0.0,0.0,0.81,-0.0001,10996.0,0.0,0.0,0.0,11228.0,0.0,0.4642,0.465,0.0,-0.021,0.0,0.214,11.148
50081552,1,0,-0.025,-0.015,0.004,0.0,0.0,0.0,0.0,0.8300000000000001,-0.00030000000000000003,11192.0,0.0,0.0,4747.0,11364.0,0.0,0.4642,0.465,0.0,-0.021,0.0,0.152,11.148
50085768,1,0,0.006,-0.012,-0.001,0.0,0.0,0.0,0.0,0.85,-0.00030000000000000003,11364.0,0.0,0.0,8963.0,11644.0,0.0,0.4652,0.467,0.0,0.003,0.0,0.193,11.148
50087784,1,0,0.0,0.0,-0.002,0.0,0.0,0.0,0.0,0.86,-0.00030000000000000003,11504.0,0.0,0.0,10979.0,11792.0,0.0,0.4652,0.467,0.0,0.003,0.0,0.16,11.148
50092557,1,0,-0.022,-0.001,-0.001,0.0,0.0,0.0,0.0,0.89,-0.0004,11680.0,0.0,0.0,15752.0,11980.0,0.0,0.4652,0.467,0.0,0.003,0.0,0.153,11.148
50096829,1,0,0.006,-0.015,-0.007,0.0,0.0,0.0,0.0,0.91,-0.0005,11792.0,0.0,0.0,0.0,12176.0,0.0,0.4672,0.47100000000000003,0.0,0.043000000000000003,0.0,0.10400000000000001,11.062
50101556,1,0,0.008,-0.006,0.0,0.0,0.0,0.0,0.0,0.9400000000000001,-0.0005,12020.0,0.0,0.0,4727.0,12376.0,0.0,0.4672,0.47100000000000003,0.0,0.043000000000000003,0.0,0.15,11.062
50105811,1,0,0.026000000000000002,-0.017,-0.015,0.0,0.0,0.0,0.0,0.96,-0.00030000000000000003,12296.0,0.0,0.0,8982.0,12456.0,0.0,0.4692,0.47300000000000003,0.0,0.075,0.0,0.025,11.062
50108556,1,0,0.009000000000000001,-0.013000000000000001,-0.014,0.0,0.0,0.0,0.0,0.97,-0.0002,12376.0,0.0,0.0,11727.0,12668.0,0.0,0.4692,0.47300000000000003,0.0,0.075,0.0,0.069,11.062
50112813,1,0,-0.019,0.006,-0.002,0.0,0.0,0.0,0.0,1.0,-0.0001,12540.0,0.0,0.0,15984.0,12756.0,0.0,0.4692,0.47300000000000003,0.0,0.075,0.0,-0.039,11.062
50117678,1,0,-0.008,-0.01,-0.002,0.0,0.0,0.0,0.0,1.02,-0.0002,12712.0,0.0,0.0,0.0,13020.0,0.0,0.4702,0.47200000000000003,0.0,0.079,0.0,-0.05,11.079
50119812,1,0,0.0,-0.011,-0.01,0.0,0.0,0.0,0.0,1.03,-0.00030000000000000003,12840.0,0.0,0.0,2134.0,13020.0,0.0,0.4702,0.47200000000000003,0.0,0.079,0.0,-0.044,11.079
50124598,1,0,-0.027,0.008,0.004,0.0,0.0,0.0,0.0,1.06,-0.0004,13112.0,0.0,0.0,6920.0,13296.0,0.0,0.4702,0.47200000000000003,0.0,0.079,0.0,-0.069,11.079
50128813,1,0,0.016,-0.017,-0.001,0.0,0.0,0.0,0.0,1.08,-0.0005,13248.0,0.0,0.0,11135.0,13536.0,0.0,0.47050000000000003,0.47100000000000003,0.0,0.069,0.0,-0.088,11.079
50133818,1,0,0.011,0.001,0.009000000000000001,0.0,0.0,0.0,0.0,1.11,-0.0004,13440.0,0.0,0.0,16140.0,13736.0,0.0,0.47050000000000003,0.47100000000000003,0.0,0.069,0.0,-0.052000000000000005,11.079
50136557,1,0,0.02,0.001,0.002,0.0,0.0,0.0,0.0,1.12,-0.0004,13536.0,0.0,0.0,0.0,13784.0,0.0,0.4703,0.47000000000000003,0.0,0.052000000000000005,0.0,-0.19,11.054
50140811,1,0,0.034,-0.012,-0.008,0.0,0.0,0.0,0.0,1.1400000000000001,-0.0002,13636.0,0.0,0.0,4254.0,14152.0,0.0,0.4703,0.47000000000000003,0.0,0.052000000000000005,0.0,-0.161,11.054
50145555,1,0,-0.023,0.003,-0.005,0.0,0.0,0.0,0.0,1.17,-0.00030000000000000003,13992.0,0.0,0.0,8998.0,14096.0,0.0,0.47090000000000004,0.47200000000000003,0.0,0.053,0.0,-0.279,11.054
50149824,1,0,0.02,-0.02,-0.005,0.0,0.0,0.0,0.0,1.19,-0.00030000000000000003,14256.0,0.0,0.0,13267.0,14312.0,0.0,0.47090000000000004,0.47200000000000003,0.0,0.053,0.0,-0.295,11.054
50152556,1,0,0.016,-0.007,-0.012,0.0,0.0,0.0,0.0,1.2,-0.0002,14256.0,0.0,0.0,15999.0,14592.0,0.0,0.47090000000000004,0.47200000000000003,0.0,0.053,0.0,-0.251,11.054
50156814,1,0,-0.035,0.019,-0.012,0.0,0.0,0.0,0.0,1.23,-0.0002,14480.0,0.0,0.0,0.0,14592.0,0.0,0.4716,0.47300000000000003,0.0,0.057,0.0,-0.188,11.107000000000001
50161555,1,0,0.001,-0.016,-0.007,0.0,0.0,0.0,0.0,1.25,-0.0002,14676.0,0.0,0.0,4741.0,14968.0,0.0,0.4716,0.47300000000000003,0.0,0.057,0.0,-0.161,11.107000000000001
50165811,1,0,-0.006,0.018000000000000002,-0.009000000000000001,0.0,0.0,0.0,0.0,1.26,-0.0001,14824.0,0.0,0.0,8997.0,15184.0,0.0,0.47000000000000003,0.467,0.0,0.013000000000000001,0.0,-0.224,11.107000000000001
50167977,1,0,0.004,0.01,-0.009000000000000001,0.0,0.0,0.0,0.0,1.28,-0.0002,14940.0,0.0,0.0,11163.0,15212.0,0.0,0.47000000000000003,0.467,0.0,0.013000000000000001,0.0,-0.209,11.107000000000001
50172556,1,0,0.041,-0.015,-0.001,0.0,0.0,0.0,0.0,1.3,-0.0002,15152.0,0.0,0.0,15742.0,15400.0,0.0,0.47000000000000003,0.467,0.0,0.013000000000000001,0.0,-0.229,11.107000000000001
50176814,1,0,-0.018000000000000002,0.009000000000000001,0.012,0.0,0.0,0.0,0.0,1.32,-0.0002,15304.0,0.0,0.0,0.0,15560.0,0.0,0.46690000000000004,0.461,0.0,-0.052000000000000005,0.0,-0.152,11.088000000000001
50181806,1,0,0.043000000000000003,0.0,0.009000000000000001,0.0,0.0,0.0,0.0,1.35,-0.0001,15592.0,0.0,0.0,4992.0,15724.0,0.0,0.46690000000000004,0.461,0.0,-0.052000000000000005,0.0,-0.22,11.088000000000001
50183812,1,0,0.027,-0.004,0.014,0.0,0.0,0.0,0.0,1.36,-0.0001,15528.0,0.0,0.0,6998.0,15856.0,0.0,0.46690000000000004,0.461,0.0,-0.052000000000000005,0.0,-0.156,11.088000000000001
50188550,1,0,0.007,0.015,0.008,0.0,0.0,0.0,0.0,1.3800000000000001,0.0,15724.0,0.0,0.0,11736.0,16060.0,0.0,0.4652,0.462,0.0,-0.076,0.0,-0.14,11.088000000000001
50192552,1,0,-0.02,0.002,0.009000000000000001,0.0,0.0,0.0,0.0,1.41,0.0001,15992.0,0.0,0.0,15738.0,16340.0,0.0,0.4652,0.462,0.0,-0.076,0.0,-0.28,11.088000000000001
50196826,1,0,-0.032,0.006,0.008,0.0,0.0,0.0,0.0,1.43,0.0,16232.0,0.0,0.0,0.0,16448.0,0.0,0.46440000000000003,0.463,0.0,-0.076,0.0,-0.152,11.061
50201814,1,0,-0.01,-0.002,0.007,0.0,0.0,0.0,0.0,1.46,-0.0002,16376.0,0.0,0.0,4988.0,16448.0,0.0,0.46440000000000003,0.463,0.0,-0.076,0.0,-0.16,11.061
50203816,1,0,-0.006,0.0,0.001,0.0,0.0,0.0,0.0,1.48,-0.0002,16376.0,0.0,0.0,6990.0,16592.0,0.0,0.46440000000000003,0.463,0.0,-0.076,0.0,-0.167,11.061
50208818,1,0,-0.041,0.019,0.01,0.0,0.0,0.0,0.0,1.51,-0.0004,16592.0,0.0,0.0,11992.0,16852.0,0.0,0.46430000000000005,0.464,0.0,-0.064,0.0,-0.035,11.061
50213505,1,0,0.014,-0.005,-0.002,0.0,0.0,0.0,0.0,1.54,-0.0005,16852.0,0.0,0.0,16679.0,16892.0,0.0,0.46430000000000005,0.464,0.0,-0.064,0.0,-0.038,11.061
50217679,1,0,-0.003,-0.004,0.0,0.0,0.0,0.0,0.0,1.56,-0.0004,16968.0,0.0,0.0,0.0,17280.0,0.0,0.46490000000000004,0.466,0.0,-0.039,0.0,0.07100000000000001,11.044
50219874,1,0,-0.014,0.006,-0.002,0.0,0.0,0.0,0.0,1.58,-0.0004,17084.0,0.0,0.0,2195.0,17320.0,0.0,0.46490000000000004,0.466,0.0,-0.039,0.0,0.162,11.044
50224595,1,0,0.01,-0.011,0.0,0.0,0.0,0.0,0.0,1.61,-0.0004,17200.0,0.0,0.0,6916.0,17688.0,0.0,0.46490000000000004,0.466,0.0,-0.039,0.0,-0.007,11.044
50228834,1,0,-0.006,0.001,-0.001,0.0,0.0,0.0,0.0,1.6400000000000001,-0.0004,17564.0,0.0,0.0,11155.0,17816.0,0.0,0.46490000000000004,0.465,0.0,-0.03,0.0,0.11900000000000001,11.044
50232840,1,0,0.002,0.015,0.01,0.0,0.0,0.0,0.0,1.6500000000000001,-0.0004,17688.0,0.0,0.0,15161.0,17856.0,0.0,0.46490000000000004,0.465,0.0,-0.03,0.0,0.047,11.044
50237550,1,0,0.003,0.003,-0.004,0.0,0.0,0.0,0.0,1.68,-0.0004,17816.0,0.0,0.0,0.0,18160.0,0.0,0.4646,0.464,0.0,-0.03,0.0,0.213,11.044
50239887,1,0,-0.024,0.008,0.003,0.0,0.0,0.0,0.0,1.69,-0.0004,17984.0,0.0,0.0,2337.0,18028.0,0.0,0.4646,0.464,0.0,-0.03,0.0,0.149,11.044
50244593,1,0,-0.025,0.01,0.015,0.0,0.0,0.0,0.0,1.72,-0.0004,18160.0,0.0,0.0,7043.0,18384.0,0.0,0.4646,0.464,0.0,-0.03,0.0,0.11900000000000001,11.044
50248847,1,0,-0.021,-0.001,0.014,0.0,0.0,0.0,0.0,1.75,-0.0007,18336.0,0.0,0.0,11297.0,18520.0,0.0,0.4647,0.465,0.0,-0.022,0.0,0.159,11.044
50252852,1,0,0.011,-0.001,-0.003,0.0,0.0,0.0,0.0,1.78,-0.0009000000000000001,18564.0,0.0,0.0,15302.0,18752.0,0.0,0.4647,0.465,0.0,-0.022,0.0,0.097,11.044
50257548,1,0,-0.005,0.001,0.015,0.0,0.0,0.0,0.0,1.81,-0.001,18656.0,0.0,0.0,0.0,18988.0,0.0,0.4652,0.466,0.0,-0.008,0.0,0.1,11.081
50261855,1,0,0.018000000000000002,0.001,-0.01,0.0,0.0,0.0,0.0,1.84,-0.001,18892.0,0.0,0.0,4307.0,19036.0,0.0,0.4652,0.466,0.0,-0.008,0.0,0.03,11.081
50263859,1,0,-0.006,-0.002,-0.006,0.0,0.0,0.0,0.0,1.85,-0.0009000000000000001,18940.0,0.0,0.0,6311.0,19232.0,0.0,0.4652,0.466,0.0,-0.008,0.0,-0.023,11.081
50267984,1,0,-0.024,0.008,0.003,0.0,0.0,0.0,0.0,1.87,-0.001,19180.0,0.0,0.0,10436.0,19328.0,0.0,0.4662,0.468,0.0,0.013000000000000001,0.0,-0.009000000000000001,11.081
50272864,1,0,0.009000000000000001,-0.014,-0.008,0.0,0.0,0.0,0.0,1.9100000000000001,-0.0011,19232.0,0.0,0.0,15316.0,19480.0,0.0,0.4662,0.468,0.0,0.013000000000000001,0.0,0.168,11.081
50277550,1,0,0.011,-0.003,-0.027,0.0,0.0,0.0,0.0,1.94,-0.001,19532.0,0.0,0.0,0.0,19736.0,0.0,0.46790000000000004,0.47100000000000003,0.0,0.044,0.0,0.193,11.037
50279917,1,0,-0.035,0.001,-0.007,0.0,0.0,0.0,0.0,1.96,-0.0011,19736.0,0.0,0.0,2367.0,19736.0,0.0,0.46790000000000004,0.47100000000000003,0.0,0.044,0.0,0.146,11.037
50284585,1,0,-0.006,-0.01,-0.01,0.0,0.0,0.0,0.0,1.99,-0.001,19840.0,0.0,0.0,7035.0,20052.0,0.0,0.46790000000000004,0.47100000000000003,0.0,0.044,0.0,-0.038,11.037
50288876,1,0,-0.022,0.023,-0.008,0.0,0.0,0.0,0.0,2.0,-0.001,19944.0,0.0,0.0,11326.0,20272.0,0.0,0.4686,0.47000000000000003,0.0,0.05,0.0,0.045,11.037
50292881,1,0,-0.001,0.0,-0.007,0.0,0.0,-0.015000000000000001,0.015000000000000001,2.0300000000000002,-0.0012000000000000001,20160.0,0.0049,0.0,15331.0,20380.0,0.0213,0.4686,0.47000000000000003,0.0,0.05,0.0,0.021,11.037
50297549,1,0,0.04,0.001,0.015,0.0,0.0,0.0049,-0.0049,2.06,-0.0013000000000000002,20436.0,-0.0015,0.0,0.0,20548.0,-0.006900000000000001,0.4687,0.46900000000000003,0.0,0.043000000000000003,0.0,0.031,11.058
50301549,1,0,0.011,-0.013000000000000001,0.002,0.001,0.0,-0.0154,0.0154,2.09,-0.0014,20548.0,0.005,0.0,4000.0,20604.0,0.0218,0.4687,0.46900000000000003,0.0,0.043000000000000003,0.0,0.088,11.058
50303886,1,0,0.037,-0.016,-0.005,0.0,0.0,0.0039000000000000003,-0.0039000000000000003,2.1,-0.0012000000000000001,20604.0,-0.001,0.0,6337.0,20832.0,-0.0055000000000000005,0.4687,0.46900000000000003,0.0,0.043000000000000003,0.0,0.077,11.058
50307891,1,0,-0.023,-0.007,0.009000000000000001,0.0,0.0,-0.0461,0.046,2.14,-0.001,20660.0,0.0149,0.0,10342.0,20776.0,0.06520000000000001,0.46780000000000005,0.466,0.0,0.015,0.0,-0.116,11.058
50312549,1,0,-0.031,0.021,0.017,0.0,0.0,-0.049300000000000004,0.049300000000000004,2.17,-0.0011,21008.0,0.0161,0.0,15000.0,21008.0,0.0697,0.46780000000000005,0.466,0.0,0.015,0.0,-0.33,11.058
50317683,1,0,0.045,-0.001,-0.004,0.0,0.0,0.022000000000000002,-0.022000000000000002,2.2,-0.0012000000000000001,21128.0,-0.0074,0.0,0.0,21248.0,-0.031,0.4665,0.464,0.0,-0.014,0.0,-0.068,11.032
50319952,1,0,0.021,0.0,0.0,0.0,0.0,-0.0038,0.0038,2.21,-0.0012000000000000001,21248.0,0.0011,0.0,2269.0,21248.0,0.0053,0.4665,0.464,0.0,-0.014,0.0,0.05,11.032
50324591,1,0,-0.032,-0.007,-0.005,0.0,0.0,-0.031900000000000005,0.0318,2.25,-0.0012000000000000001,21488.0,0.0108,0.0,6908.0,21488.0,0.045000000000000005,0.4665,0.464,0.0,-0.014,0.0,0.033,11.032
50328909,1,0,-0.031,-0.018000000000000002,-0.007,0.001,0.0,-0.0205,0.0205,2.2800000000000002,-0.0011,21552.0,0.0071,0.0,11226.0,21740.0,0.029,0.46630000000000005,0.466,0.0,-0.015,0.0,0.056,11.032
50332926,1,0,-0.001,0.01,-0.003,0.001,0.0,-0.0172,0.0171,2.29,-0.0011,21612.0,0.0061,0.0,15243.0,21864.0,0.024300000000000002,0.46630000000000005,0.466,0.0,-0.015,0.0,-0.094,11.032
50337547,1,0,0.063,0.001,-0.003,0.001,0.0,0.022000000000000002,-0.022000000000000002,2.34,-0.0011,21928.0,-0.0079,0.0,0.0,21992.0,-0.031200000000000002,0.4672,0.46900000000000003,0.0,0.007,0.0,0.04,10.964
50341921,1,0,0.054,-0.002,-0.003,0.001,0.0,-0.0002,0.0002,2.37,-0.0007,21992.0,0.0,0.0,4374.0,22188.0,0.0002,0.4672,0.46900000000000003,0.0,0.007,0.0,0.234,10.964
50343922,1,0,0.034,0.001,-0.003,0.001,0.0,-0.0125,0.0125,2.37,-0.0007,22256.0,0.0046,0.0,6375.0,22320.0,0.0176,0.4672,0.46900000000000003,0.0,0.007,0.0,0.1,10.964
50347925,1,0,0.048,0.0,0.002,0.001,0.0,0.0017000000000000001,-0.0017000000000000001,2.4,-0.0004,22388.0,-0.0006000000000000001,0.0,10378.0,22388.0,-0.0025,0.4675,0.468,0.0,0.011,0.0,-0.027,10.964
50352548,1,0,0.048,0.004,0.006,0.001,0.0,0.0001,-0.0001,2.44,-0.00030000000000000003,22520.0,0.0,0.0,15001.0,22728.0,-0.0002,0.4675,0.468,0.0,0.011,0.0,-0.218,10.964
50356931,1,0,0.116,0.0,-0.005,0.0,0.0,0.0342,-0.0342,2.47,0.0001,22656.0,-0.013000000000000001,0.0,0.0,22796.0,-0.048400000000000006,0.46730000000000005,0.467,0.0,0.005,0.0,-0.061,11.056000000000001
50360932,1,0,0.012,0.013000000000000001,-0.009000000000000001,0.0,0.0,-0.0296,0.0296,2.5,0.0004,22796.0,0.0114,0.0,4001.0,23076.0,0.041800000000000004,0.46730000000000005,0.467,0.0,0.005,0.0,0.064,11.056000000000001
50365009,1,0,-0.012,-0.018000000000000002,-0.008,0.0,0.0,0.0041,-0.0041,2.5300000000000002,0.0005,23008.0,-0.0018000000000000002,0.0,8078.0,23220.0,-0.0058000000000000005,0.4665,0.465,0.0,-0.012,0.0,0.038,11.056000000000001
50367673,1,0,-0.032,-0.014,-0.001,0.0,0.0,-0.0088,0.0088,2.5500000000000003,0.0004,23008.0,0.0037,0.0,10742.0,23148.0,0.0125,0.4665,0.465,0.0,-0.012,0.0,-0.113,11.056000000000001
50372549,1,0,0.018000000000000002,0.001,-0.006,0.001,0.0,0.0059,-0.0059,2.58,0.0,23220.0,-0.0025,0.0,15618.0,23512.0,-0.0083,0.4665,0.465,0.0,-0.012,0.0,-0.155,11.056000000000001
50376946,1,0,0.009000000000000001,-0.028,-0.026000000000000002,0.002,0.0,0.0145,-0.0145,2.62,-0.0001,23436.0,-0.0057,0.0,0.0,23512.0,-0.0206,0.46530000000000005,0.463,0.0,-0.034,0.0,-0.027,11.0
50380954,1,0,-0.149,-0.039,-0.017,0.003,0.0,-0.0439,0.0439,2.63,-0.0004,23512.0,0.0177,0.0,4008.0,23660.0,0.0621,0.46530000000000005,0.463,0.0,-0.034,0.0,-0.043000000000000003,11.0
50385550,1,0,-0.168,-0.056,-0.001,0.004,0.0,-0.022000000000000002,0.022000000000000002,2.68,-0.0009000000000000001,23736.0,0.009000000000000001,0.0,8604.0,23884.0,0.031100000000000003,0.46590000000000004,0.467,0.0,-0.015,0.0,0.084,11.0
50390000,1,0,-0.015,-0.015,-0.007,0.004,0.0,0.002,-0.002,2.7,-0.0011,24040.0,-0.0006000000000000001,0.0,13054.0,24116.0,-0.0029000000000000002,0.46590000000000004,0.467,0.0,-0.015,0.0,-0.228,11.0
50392549,1,0,-0.10400000000000001,-0.027,-0.02,0.004,0.0,-0.042300000000000004,0.0422,2.73,-0.0012000000000000001,24116.0,0.0177,0.0,15603.0,24352.0,0.0597,0.46590000000000004,0.467,0.0,-0.015,0.0,-0.406,11.0
50396963,1,0,-0.154,-0.044,0.003,0.005,0.0,-0.0187,0.0187,2.75,-0.0016,24428.0,0.0079,0.0,0.0,24428.0,0.026500000000000003,0.4677,0.47100000000000003,0.0,0.023,0.0,-0.463,11.025
50401550,1,0,-0.136,-0.047,0.026000000000000002,0.006,0.0,-0.0206,0.0206,2.8000000000000003,-0.0019,24508.0,0.008700000000000001,0.0,4587.0,24592.0,0.0292,0.4677,0.47100000000000003,0.0,0.023,0.0,-0.12,11.025
50405965,1,0,-0.094,-0.001,0.003,0.006,0.0,-0.040100000000000004,0.04,2.81,-0.002,24752.0,0.0172,0.0,9002.0,24672.0,0.0567,0.4685,0.47000000000000003,0.0,0.035,0.0,0.083,11.025
50407968,1,0,-0.08600000000000001,0.012,0.005,0.006,0.0,-0.0409,0.0409,2.83,-0.002,24752.0,0.0177,0.0,11005.0,24832.0,0.057800000000000004,0.4685,0.47000000000000003,0.0,0.035,0.0,0.133,11.025
50412550,1,0,0.016,-0.003,0.025,0.006,0.0,0.0105,-0.0105,2.87,-0.0019,24916.0,-0.0048000000000000004,0.0,15587.0,25168.0,-0.0149,0.4685,0.47000000000000003,0.0,0.035,0.0,0.262,11.025
50417677,1,0,-0.091,0.02,0.017,0.006,0.0,-0.0485,0.0485,2.91,-0.0019,25084.0,0.0216,0.0,0.0,25168.0,0.06860000000000001,0.46830000000000005,0.468,0.0,0.025,0.0,0.313,11.014
50420025,1,0,-0.088,0.044,0.018000000000000002,0.007,0.0,-0.042800000000000005,0.0427,2.92,-0.0022,25424.0,0.019,0.0,2348.0,25252.0,0.0604,0.46830000000000005,0.468,0.0,0.025,0.0,0.08700000000000001,11.014
50424581,1,0,0.056,0.031,0.046,0.007,0.0,0.006,-0.006,2.96,-0.0024000000000000002,25512.0,-0.0028,0.0,6904.0,25512.0,-0.0085,0.46830000000000005,0.468,0.0,0.025,0.0,0.232,11.014
50428983,1,0,0.091,0.062,0.0,0.007,0.0,-0.0049,0.0049,2.99,-0.0022,25684.0,0.0022,0.0,11306.0,25424.0,0.006900000000000001,0.4675,0.466,0.0,0.003,0.0,0.34600000000000003,11.014
50433547,1,0,0.032,0.048,0.01,0.007,0.0,0.007200000000000001,-0.007200000000000001,3.0300000000000002,-0.0022,25772.0,-0.0036000000000000003,0.0,15870.0,26040.0,-0.0102,0.4675,0.466,0.0,0.003,0.0,0.324,11.014
50437988,1,0,0.017,0.064,0.05,0.007,0.0,-0.021500000000000002,0.021500000000000002,3.06,-0.0022,26132.0,0.0103,0.0,0.0,26132.0,0.0304,0.46630000000000005,0.464,0.0,-0.022,0.0,-0.088,10.927
50440036,1,0,0.063,0.084,0.032,0.007,0.0,-0.014100000000000001,0.014100000000000001,3.08,-0.0024000000000000002,26132.0,0.0067,0.0,2048.0,26132.0,0.0199,0.46630000000000005,0.464,0.0,-0.022,0.0,-0.008,10.927
50444573,1,0,0.156,0.063,-0.011,0.007,0.0,0.0173,-0.0173,3.12,-0.0023,26224.0,-0.0082,0.0,6585.0,26132.0,-0.0244,0.46630000000000005,0.464,0.0,-0.022,0.0,-0.417,10.927
50448996,1,0,0.016,0.046,0.003,0.007,0.0,-0.0154,0.0154,3.15,-0.0021000000000000003,26316.0,0.0076,0.0,11008.0,26408.0,0.0218,0.46580000000000005,0.465,0.0,-0.026000000000000002,0.0,-0.186,10.927
50453032,1,0,-0.041,0.056,0.008,0.007,0.0,-0.0097,0.0097,3.19,-0.0024000000000000002,26688.0,0.0046,0.0,15044.0,26596.0,0.0137,0.46580000000000005,0.465,0.0,-0.026000000000000002,0.0,-0.088,10.927
50457548,1,0,0.11900000000000001,0.07100000000000001,-0.018000000000000002,0.008,0.0,0.0063,-0.0063,3.22,-0.0026000000000000003,26880.0,-0.0031000000000000003,0.0,0.0,26784.0,-0.0089,0.4666,0.468,0.0,-0.006,0.0,-0.033,11.01
50462552,1,0,0.11900000000000001,0.062,-0.02,0.008,0.0,-0.013600000000000001,0.013600000000000001,3.2600000000000002,-0.0024000000000000002,26880.0,0.007,0.0,5004.0,26880.0,0.019200000000000002,0.4666,0.468,0.0,-0.006,0.0,-0.23500000000000001,11.01
50464591,1,0,-0.014,0.042,-0.034,0.008,0.0,-0.018000000000000002,0.018000000000000002,3.27,-0.0024000000000000002,27172.0,0.008700000000000001,0.0,7043.0,27076.0,0.025500000000000002,0.4666,0.468,0.0,-0.006,0.0,-0.121,11.01
50467675,1,0,-0.132,0.038,-0.045,0.008,0.0,-0.028900000000000002,0.028900000000000002,3.29,-0.0028,26880.0,0.0142,0.0,10127.0,27076.0,0.0408,0.46740000000000004,0.46900000000000003,0.0,0.012,0.0,-0.217,11.01
50472799,1,0,0.047,0.048,-0.023,0.009000000000000001,0.0,-0.0183,0.0183,3.3200000000000003,-0.0033,27272.0,0.009600000000000001,0.0,15251.0,27272.0,0.025900000000000003,0.46740000000000004,0.46900000000000003,0.0,0.012,0.0,0.003,11.01
50477548,1,0,0.061,0.033,-0.038,0.009000000000000001,0.0,-0.0205,0.0205,3.36,-0.0033,27572.0,0.0105,0.0,0.0,27372.0,0.029,0.46830000000000005,0.47000000000000003,0.0,0.028,0.0,0.025,10.976
50481550,1,0,-0.065,0.007,-0.048,0.009000000000000001,0.0,-0.007,0.007,3.39,-0.0034000000000000002,27676.0,0.0033,0.0,4002.0,27676.0,0.01,0.46830000000000005,0.47000000000000003,0.0,0.028,0.0,-0.031,10.976
50486021,1,0,-0.032,0.014,0.009000000000000001,0.01,0.0,-0.0253,0.0253,3.42,-0.0039000000000000003,27776.0,0.0132,0.0,8473.0,27776.0,0.0358,0.4693,0.47100000000000003,0.0,0.041,0.0,-0.234,10.976
50488024,1,0,0.034,0.024,-0.002,0.011,0.0,-0.031400000000000004,0.031400000000000004,3.44,-0.0039000000000000003,27984.0,0.0165,0.0,10476.0,27880.0,0.0444,0.4693,0.47100000000000003,0.0,0.041,0.0,-0.243,10.976
50492551,1,0,0.094,0.013000000000000001,-0.015,0.01,0.0,-0.0166,0.0166,3.47,-0.0037,27984.0,0.0092,0.0,15003.0,27984.0,0.0235,0.4693,0.47100000000000003,0.0,0.041,0.0,-0.177,10.976
50497032,1,0,-0.147,0.012,0.022,0.01,0.0,-0.0451,0.045000000000000005,3.49,-0.0037,28300.0,0.024300000000000002,0.0,0.0,28196.0,0.0637,0.46990000000000004,0.47100000000000003,0.0,0.045,0.0,0.097,10.976
50501547,1,0,-0.063,0.011,0.056,0.011,0.0,-0.022600000000000002,0.022600000000000002,3.54,-0.0043,28300.0,0.0119,0.0,4515.0,28300.0,0.031900000000000005,0.46990000000000004,0.47100000000000003,0.0,0.045,0.0,0.03,10.903
50506034,1,0,0.11,-0.008,-0.007,0.011,0.0,-0.023700000000000002,0.023700000000000002,3.5500000000000003,-0.004200000000000001,28624.0,0.0128,0.0,9002.0,28408.0,0.0335,0.4703,0.47100000000000003,0.0,0.044,0.0,-0.1,10.903
50508037,1,0,0.067,0.0,0.005,0.01,0.0,-0.018600000000000002,0.018600000000000002,3.5700000000000003,-0.004,28624.0,0.0103,0.0,11005.0,28516.0,0.0264,0.4703,0.47100000000000003,0.0,0.044,0.0,-0.099,10.903
50512550,1,0,-0.121,-0.003,0.036000000000000004,0.01,0.0,-0.0128,0.0128,3.61,-0.004,28624.0,0.006900000000000001,0.0,15518.0,28736.0,0.0181,0.4703,0.47100000000000003,0.0,0.044,0.0,-0.165,10.903
50517677,1,0,0.055,-0.006,0.062,0.011,0.0,-0.010700000000000001,0.010700000000000001,3.67,-0.004200000000000001,28956.0,0.006200000000000001,0.0,0.0,28848.0,0.0151,0.4712,0.47300000000000003,0.0,0.054,0.0,-0.002,10.903
50520098,1,0,0.14300000000000002,0.001,0.021,0.01,0.0,-0.0182,0.0182,3.69,-0.0038,28956.0,0.0106,0.0,2421.0,28956.0,0.0257,0.4712,0.47300000000000003,0.0,0.054,0.0,-0.037,10.958
50524555,1,0,0.014,-0.007,-0.01,0.009000000000000001,0.0,0.0001,-0.0001,3.73,-0.0034000000000000002,29296.0,0.0,0.0,6878.0,29068.0,-0.0001,0.4712,0.47300000000000003,0.0,0.054,0.0,-0.11900000000000001,10.958
50529060,1,0,-0.035,-0.024,0.011,0.009000000000000001,0.0,0.0013000000000000002,-0.0013000000000000002,3.75,-0.0035,29296.0,-0.0009000000000000001,0.0,11383.0,29352.0,-0.0018000000000000002,0.4722,0.47400000000000003,0.0,0.063,0.0,-0.28700000000000003,10.958
50533550,1,0,0.046,-0.031,0.02,0.009000000000000001,0.0,-0.0167,0.0167,3.79,-0.0034000000000000002,29584.0,0.01,0.0,15873.0,29412.0,0.0236,0.4722,0.47400000000000003,0.0,0.063,0.0,-0.145,10.958
50537550,1,0,0.031,-0.002,-0.022,0.008,0.0,-0.0102,0.0102,3.83,-0.003,29468.0,0.0064,0.0,0.0,29528.0,0.0145,0.4721,0.47200000000000003,0.0,0.049,0.0,-0.10400000000000001,10.958
50542063,1,0,-0.176,-0.009000000000000001,-0.021,0.009000000000000001,0.0,-0.030000000000000002,0.030000000000000002,3.87,-0.0034000000000000002,29644.0,0.0177,0.0,4513.0,29820.0,0.0424,0.4721,0.47200000000000003,0.0,0.049,0.0,0.029,10.953
50544070,1,0,-0.17,-0.017,-0.017,0.009000000000000001,0.0,-0.0323,0.0323,3.89,-0.0037,30000.0,0.0196,0.0,6520.0,30000.0,0.0456,0.4721,0.47200000000000003,0.0,0.049,0.0,0.046,10.953
50548552,1,0,0.016,-0.019,-0.023,0.01,0.0,-0.011600000000000001,0.011600000000000001,3.93,-0.0038,30060.0,0.0066,0.0,11002.0,30000.0,0.0165,0.47100000000000003,0.46900000000000003,0.0,0.017,0.0,0.053,10.953
50553071,1,0,-0.17,-0.038,-0.07,0.01,0.0,-0.0256,0.0256,3.97,-0.004,30180.0,0.015300000000000001,0.0,15521.0,30060.0,0.0363,0.47100000000000003,0.46900000000000003,0.0,0.017,0.0,-0.192,10.953
50557549,1,0,-0.217,-0.016,-0.028,0.011,0.0,-0.018600000000000002,0.018600000000000002,4.01,-0.0045000000000000005,30304.0,0.011600000000000001,0.0,0.0,30240.0,0.0264,0.47140000000000004,0.47200000000000003,0.0,0.02,0.0,-0.03,10.953
50560127,1,0,-0.132,-0.028,0.008,0.012,0.0,-0.034,0.034,4.03,-0.0049,30424.0,0.0213,0.0,2578.0,30180.0,0.048100000000000004,0.47140000000000004,0.47200000000000003,0.0,0.02,0.0,-0.013000000000000001,10.953
50564552,1,0,-0.048,-0.023,-0.044,0.012,0.0,-0.0323,0.0323,4.07,-0.0049,30672.0,0.0206,0.0,7003.0,30488.0,0.045700000000000005,0.47140000000000004,0.47200000000000003,0.0,0.02,0.0,0.088,10.97
50567679,1,0,-0.145,-0.021,-0.069,0.012,0.0,-0.0308,0.0308,4.1,-0.005,30672.0,0.019700000000000002,0.0,10130.0,30612.0,0.043500000000000004,0.4723,0.47400000000000003,0.0,0.035,0.0,0.066,10.97
50572548,1,0,-0.15,-0.016,0.022,0.013000000000000001,0.0,-0.0246,0.0246,4.14,-0.0055000000000000005,30736.0,0.0159,0.0,14999.0,30736.0,0.0347,0.4723,0.47400000000000003,0.0,0.035,0.0,0.274,10.97
50577091,1,0,0.045,0.007,-0.005,0.013000000000000001,0.0,-0.0346,0.0346,4.18,-0.0054,30800.0,0.0221,0.0,0.0,30864.0,0.049,0.47290000000000004,0.47400000000000003,0.0,0.04,0.0,0.14300000000000002,10.97
50581098,1,0,-0.147,0.016,-0.032,0.013000000000000001,0.0,-0.041800000000000004,0.041800000000000004,4.22,-0.0056,31248.0,0.0274,0.0,4007.0,30928.0,0.0591,0.47290000000000004,0.47400000000000003,0.0,0.04,0.0,0.089,10.874
50585168,1,0,-0.073,0.039,0.048,0.014,0.0,-0.030100000000000002,0.030100000000000002,4.26,-0.0059,31380.0,0.0195,0.0,8077.0,31316.0,0.0425,0.4733,0.47400000000000003,0.0,0.04,0.0,0.14100000000000001,10.874
50589573,1,0,0.101,0.046,0.067,0.013000000000000001,0.0,-0.0453,0.045200000000000004,4.3100000000000005,-0.0057,31448.0,0.030000000000000002,0.0,12482.0,31380.0,0.064,0.4733,0.47400000000000003,0.0,0.04,0.0,0.101,10.874
50592104,1,0,0.015,0.064,0.007,0.013000000000000001,0.0,-0.0341,0.0341,4.33,-0.0056,31448.0,0.0229,0.0,15013.0,31380.0,0.0482,0.4733,0.47400000000000003,0.0,0.04,0.0,0.003,10.874
50596107,1,0,-0.07200000000000001,0.064,0.024,0.014,0.0,-0.0273,0.0273,4.37,-0.0061,31780.0,0.0179,0.0,0.0,31512.0,0.038700000000000005,0.47350000000000003,0.47400000000000003,0.0,0.037,0.0,-0.166,10.874
50600549,1,0,0.051000000000000004,0.055,0.105,0.015,0.0,-0.0362,0.0362,4.39,-0.0064,31912.0,0.024300000000000002,0.0,4442.0,31712.0,0.0512,0.47350000000000003,0.47400000000000003,0.0,0.037,0.0,-0.034,10.874
50605219,1,0,0.111,0.049,0.008,0.014,0.0,-0.009300000000000001,0.009300000000000001,4.46,-0.006200000000000001,32052.0,0.0064,0.0,9112.0,31912.0,0.0132,0.4737,0.47400000000000003,0.0,0.033,0.0,0.122,10.863
50609573,1,0,-0.061,0.07200000000000001,0.018000000000000002,0.015,0.0,-0.0263,0.0263,4.48,-0.0064,32188.0,0.0183,0.0,13466.0,32052.0,0.037200000000000004,0.4737,0.47400000000000003,0.0,0.033,0.0,0.045,10.863
50612117,1,0,-0.031,0.053,0.097,0.015,0.0,-0.028900000000000002,0.028900000000000002,4.5200000000000005,-0.0068000000000000005,32256.0,0.0196,0.0,16010.0,32256.0,0.0409,0.4737,0.47400000000000003,0.0,0.033,0.0,0.155,10.863
50616157,1,0,0.136,0.055,0.066,0.016,0.0,-0.0221,0.0221,4.54,-0.006900000000000001,32536.0,0.015300000000000001,0.0,0.0,32256.0,0.0313,0.4731,0.47200000000000003,0.0,0.014,0.0,0.016,10.863
50620549,1,0,-0.031,0.069,-0.037,0.016,0.0,-0.031200000000000002,0.031200000000000002,4.57,-0.007,32468.0,0.022000000000000002,0.0,4392.0,32328.0,0.0442,0.4731,0.47200000000000003,0.0,0.014,0.0,-0.098,10.863
50625235,1,0,-0.041,0.027,0.041,0.017,0.0,-0.020300000000000002,0.020300000000000002,4.61,-0.0077,32680.0,0.014400000000000001,0.0,9078.0,32752.0,0.0287,0.4717,0.46900000000000003,0.0,-0.017,0.0,0.04,10.854000000000001
50629574,1,0,0.076,0.033,0.039,0.017,0.0,-0.0324,0.0324,4.64,-0.0077,32824.0,0.0234,0.0,13417.0,32680.0,0.0458,0.4717,0.46900000000000003,0.0,-0.017,0.0,0.091,10.854000000000001
50632131,1,0,-0.041,0.054,-0.055,0.017,0.0,-0.034,0.034,4.66,-0.0077,33040.0,0.0246,0.0,15974.0,32824.0,0.048100000000000004,0.4717,0.46900000000000003,0.0,-0.017,0.0,-0.131,10.854000000000001
50636513,1,0,-0.10200000000000001,0.037,-0.068,0.018000000000000002,0.0,-0.0334,0.0334,4.69,-0.0082,32968.0,0.023700000000000002,0.0,0.0,33040.0,0.0473,0.47140000000000004,0.47100000000000003,0.0,-0.018000000000000002,0.0,-0.132,10.854000000000001
50640549,1,0,0.032,-0.002,0.029,0.019,0.0,-0.0281,0.0281,4.73,-0.0085,33260.0,0.0204,0.0,4036.0,33260.0,0.0397,0.47140000000000004,0.47100000000000003,0.0,-0.018000000000000002,0.0,-0.08700000000000001,10.854000000000001
50644590,1,0,0.016,0.042,-0.055,0.019,0.0,-0.0358,0.0358,4.74,-0.008400000000000001,33480.0,0.0262,0.0,8077.0,33332.0,0.0506,0.47140000000000004,0.47100000000000003,0.0,-0.018000000000000002,0.0,-0.176,10.926
50649181,1,0,-0.114,0.018000000000000002,-0.107,0.02,0.0,-0.039,0.039,4.78,-0.009000000000000001,33632.0,0.0287,0.0,12668.0,33556.0,0.0551,0.4716,0.47200000000000003,0.0,-0.011,0.0,-0.049,10.926
50653549,1,0,0.05,-0.014,0.016,0.02,0.0,-0.0328,0.0328,4.8100000000000005,-0.0092,33860.0,0.024300000000000002,0.0,17036.0,33708.0,0.046400000000000004,0.4716,0.47200000000000003,0.0,-0.011,0.0,0.003,10.926
50656150,1,0,0.049,0.02,-0.017,0.02,0.0,-0.0366,0.0366,4.8500000000000005,-0.009000000000000001,33708.0,0.0268,0.0,0.0,33708.0,0.051800000000000006,0.4728,0.47500000000000003,0.0,0.015,0.0,0.005,10.926
50660196,1,0,-0.077,0.028,-0.12,0.02,0.0,-0.029300000000000003,0.029300000000000003,4.87,-0.0092,33936.0,0.0222,0.0,4046.0,33708.0,0.0414,0.4728,0.47500000000000003,0.0,0.015,0.0,-0.179,10.926
50664585,1,0,0.08600000000000001,-0.032,-0.021,0.02,0.0,-0.0183,0.0183,4.9,-0.0092,34324.0,0.014100000000000001,0.0,8435.0,34012.0,0.0258,0.4728,0.47500000000000003,0.0,0.015,0.0,-0.14400000000000002,10.926
50667678,1,0,0.11900000000000001,0.002,0.055,0.019,0.0,-0.0292,0.0292,4.92,-0.008700000000000001,34324.0,0.0224,0.0,11528.0,34088.0,0.0413,0.4743,0.47700000000000004,0.0,0.041,0.0,-0.11900000000000001,10.926
50672512,1,0,-0.077,0.017,-0.059000000000000004,0.019,0.0,-0.023100000000000002,0.023100000000000002,4.95,-0.0089,34404.0,0.0178,0.0,16362.0,34248.0,0.032600000000000004,0.4743,0.47700000000000004,0.0,0.041,0.0,-0.089,10.926
50677207,1,0,0.132,-0.042,0.032,0.019,0.0,-0.022000000000000002,0.022000000000000002,5.0,-0.0088,34720.0,0.016800000000000002,0.0,0.0,34560.0,0.031100000000000003,0.4742,0.47400000000000003,0.0,0.031,0.0,0.037,10.926
50681550,1,0,0.033,0.044,0.085,0.018000000000000002,0.0,-0.016,0.016,5.0200000000000005,-0.008400000000000001,34640.0,0.012100000000000001,0.0,4343.0,34560.0,0.0227,0.4742,0.47400000000000003,0.0,0.031,0.0,0.054,10.926
50684188,1,0,-0.073,0.049,0.016,0.019,0.0,-0.0235,0.0234,5.05,-0.008700000000000001,35048.0,0.0182,0.0,6981.0,34964.0,0.0332,0.4742,0.47400000000000003,0.0,0.031,0.0,-0.18,10.813
50689209,1,0,0.069,-0.019,0.051000000000000004,0.019,0.0,-0.0315,0.0315,5.09,-0.0089,35048.0,0.0245,0.0,12002.0,34720.0,0.0446,0.4731,0.47100000000000003,0.0,0.003,0.0,-0.108,10.813
50693560,1,0,0.025,0.029,0.106,0.019,0.0,-0.014400000000000001,0.014400000000000001,5.11,-0.008700000000000001,35212.0,0.011000000000000001,0.0,16353.0,34964.0,0.020300000000000002,0.4731,0.47100000000000003,0.0,0.003,0.0,0.06,10.813
50696177,1,0,-0.065,0.038,0.037,0.019,0.0,-0.0119,0.0119,5.14,-0.0089,35296.0,0.0099,0.0,0.0,35128.0,0.016900000000000002,0.4727,0.47200000000000003,0.0,-0.005,0.0,-0.017,10.813
50700280,1,0,0.034,-0.01,-0.001,0.019,0.0,-0.0218,0.0218,5.16,-0.009000000000000001,35376.0,0.017400000000000002,0.0,4103.0,35296.0,0.0309,0.4727,0.47200000000000003,0.0,-0.005,0.0,-0.077,10.813
50704555,1,0,0.054,0.006,0.081,0.019,0.0,-0.0154,0.0154,5.19,-0.008700000000000001,35628.0,0.0125,0.0,8378.0,35460.0,0.0218,0.4727,0.47200000000000003,0.0,-0.005,0.0,0.065,10.753
50709572,1,0,-0.081,0.018000000000000002,0.019,0.019,0.0,-0.016900000000000002,0.016900000000000002,5.23,-0.009000000000000001,35800.0,0.013800000000000002,0.0,13395.0,35544.0,0.024,0.4728,0.47300000000000003,0.0,-0.002,0.0,-0.171,10.753
50712185,1,0,0.038,-0.023,-0.036000000000000004,0.019,0.0,-0.0211,0.0211,5.26,-0.009000000000000001,35800.0,0.0164,0.0,16008.0,35544.0,0.0298,0.4728,0.47300000000000003,0.0,-0.002,0.0,-0.258,10.753
50716236,1,0,0.006,0.022,-0.004,0.019,0.0,-0.024200000000000003,0.024200000000000003,5.28,-0.0086,36056.0,0.019,0.0,0.0,35800.0,0.0342,0.4732,0.47400000000000003,0.0,0.007,0.0,0.064,10.753
50721201,1,0,-0.10400000000000001,0.018000000000000002,-0.011,0.02,0.0,-0.0269,0.0269,5.34,-0.0091,36232.0,0.0218,0.0,4965.0,36144.0,0.0381,0.4732,0.47400000000000003,0.0,0.007,0.0,-0.017,10.753
50726199,1,0,0.065,-0.016,-0.042,0.019,0.0,-0.020300000000000002,0.020300000000000002,5.38,-0.0089,36320.0,0.016800000000000002,0.0,9963.0,36232.0,0.0287,0.4738,0.47500000000000003,0.0,0.018000000000000002,0.0,0.029,10.761000000000001
50728512,1,0,-0.006,0.023,-0.038,0.019,0.0,-0.022600000000000002,0.022600000000000002,5.4,-0.0088,36320.0,0.0182,0.0,12276.0,36320.0,0.031900000000000005,0.4738,0.47500000000000003,0.0,0.018000000000000002,0.0,-0.012,10.761000000000001
50733242,1,0,-0.088,0.022,-0.046,0.02,0.0,-0.0253,0.0253,5.45,-0.0092,36764.0,0.020900000000000002,0.0,17006.0,36408.0,0.0357,0.4738,0.47500000000000003,0.0,0.018000000000000002,0.0,-0.18,10.761000000000001
50737548,1,0,0.049,-0.007,-0.068,0.019,0.0,-0.027700000000000002,0.027700000000000002,5.47,-0.0091,36764.0,0.0236,0.0,0.0,36672.0,0.0392,0.4746,0.47600000000000003,0.0,0.029,0.0,-0.095,10.761000000000001
50742248,1,0,-0.131,0.052000000000000005,-0.041,0.02,0.0,-0.027600000000000003,0.027600000000000003,5.53,-0.0092,37128.0,0.0239,0.0,4700.0,36764.0,0.039,0.4746,0.47600000000000003,0.0,0.029,0.0,-0.036000000000000004,10.761000000000001
50744252,1,0,-0.10300000000000001,0.033,-0.025,0.02,0.0,-0.0245,0.0245,5.53,-0.0095,37128.0,0.0213,0.0,6704.0,36856.0,0.0347,0.4746,0.47600000000000003,0.0,0.029,0.0,-0.074,10.761000000000001
50748511,1,0,0.065,-0.022,-0.025,0.02,0.0,-0.0216,0.0216,5.58,-0.0095,37128.0,0.0188,0.0,10963.0,37036.0,0.030600000000000002,0.4751,0.47600000000000003,0.0,0.033,0.0,0.011,10.679
50753255,1,0,-0.11800000000000001,0.056,-0.049,0.02,0.0,-0.025400000000000002,0.025400000000000002,5.62,-0.009600000000000001,37500.0,0.0216,0.0,15707.0,37128.0,0.0359,0.4751,0.47600000000000003,0.0,0.033,0.0,-0.043000000000000003,10.679
50757512,1,0,-0.027,0.006,-0.001,0.021,0.0,-0.0258,0.0258,5.67,-0.01,37592.0,0.0218,0.0,0.0,37408.0,0.0364,0.4758,0.47700000000000004,0.0,0.04,0.0,-0.20700000000000002,10.679
50762262,1,0,-0.011,0.025,0.032,0.021,0.0,-0.0269,0.0269,5.71,-0.0097,37688.0,0.0233,0.0,4750.0,37500.0,0.038,0.4758,0.47700000000000004,0.0,0.04,0.0,0.088,10.679
50764513,1,0,-0.125,0.062,0.03,0.021,0.0,-0.0268,0.0268,5.74,-0.0099,37880.0,0.0234,0.0,7001.0,37784.0,0.0379,0.4758,0.47700000000000004,0.0,0.04,0.0,0.08700000000000001,10.679
50767681,1,0,-0.081,0.03,0.037,0.022,0.0,-0.0227,0.022600000000000002,5.76,-0.010400000000000001,37880.0,0.0194,0.0,10169.0,37688.0,0.032,0.47650000000000003,0.47800000000000004,0.0,0.048,0.0,0.012,10.705
50772548,1,0,0.05,-0.005,0.058,0.022,0.0,-0.0241,0.0241,5.83,-0.0102,38168.0,0.021,0.0,15036.0,37784.0,0.0341,0.47650000000000003,0.47800000000000004,0.0,0.048,0.0,0.275,10.705
50777236,1,0,-0.132,0.051000000000000004,0.04,0.023,0.0,-0.0251,0.0251,5.87,-0.0108,38364.0,0.022600000000000002,0.0,0.0,37976.0,0.0354,0.47640000000000005,0.47600000000000003,0.0,0.034,0.0,0.046,10.705
50781277,1,0,0.068,-0.023,0.07,0.023,0.0,-0.0286,0.0286,5.9,-0.0109,38460.0,0.025500000000000002,0.0,4041.0,38168.0,0.0405,0.47640000000000005,0.47600000000000003,0.0,0.034,0.0,-0.058,10.705
50785512,1,0,-0.07200000000000001,0.039,0.076,0.023,0.0,-0.026600000000000002,0.026600000000000002,5.94,-0.0108,38760.0,0.024300000000000002,0.0,8276.0,38460.0,0.037700000000000004,0.47550000000000003,0.47400000000000003,0.0,0.011,0.0,0.191,10.705
50790328,1,0,0.002,-0.002,0.021,0.024,0.0,-0.0236,0.0236,5.99,-0.0115,38560.0,0.0216,0.0,13092.0,38560.0,0.0333,0.47550000000000003,0.47400000000000003,0.0,0.011,0.0,-0.039,10.673
50792512,1,0,0.096,-0.033,0.02,0.024,0.0,-0.0251,0.0251,6.01,-0.0114,38660.0,0.023100000000000002,0.0,15276.0,38660.0,0.035500000000000004,0.47550000000000003,0.47400000000000003,0.0,0.011,0.0,0.057,10.673
50797251,1,0,-0.117,0.049,0.025,0.024,0.0,-0.024800000000000003,0.024800000000000003,6.0600000000000005,-0.0114,38960.0,0.0233,0.0,0.0,38860.0,0.0351,0.4757,0.47600000000000003,0.0,0.012,0.0,0.17300000000000001,10.673
50801294,1,0,0.028,-0.029,-0.003,0.025,0.0,-0.023,0.023,6.11,-0.0117,39064.0,0.022000000000000002,0.0,4043.0,38860.0,0.0325,0.4757,0.47600000000000003,0.0,0.012,0.0,-0.089,10.673
50805511,1,0,0.053,-0.012,0.012,0.024,0.0,-0.0258,0.0258,6.16,-0.011300000000000001,39268.0,0.023700000000000002,0.0,8260.0,39064.0,0.0364,0.47650000000000003,0.47800000000000004,0.0,0.026000000000000002,0.0,0.34800000000000003,10.673
50809536,1,0,-0.127,0.047,-0.009000000000000001,0.025,0.0,-0.0275,0.0274,6.21,-0.0117,39164.0,0.025400000000000002,0.0,12285.0,39164.0,0.0388,0.47650000000000003,0.47800000000000004,0.0,0.026000000000000002,0.0,0.14400000000000002,10.671
50812298,1,0,0.065,-0.024,-0.053,0.025,0.0,-0.0273,0.0273,6.23,-0.0119,39680.0,0.025500000000000002,0.0,15047.0,39064.0,0.0386,0.47650000000000003,0.47800000000000004,0.0,0.026000000000000002,0.0,-0.054,10.671
50817679,1,0,-0.032,0.027,-0.039,0.024,0.0,-0.0239,0.0239,6.3100000000000005,-0.0115,39268.0,0.0227,0.0,0.0,39268.0,0.0339,0.47700000000000004,0.47800000000000004,0.0,0.031,0.0,0.227,10.671
50820352,1,0,-0.097,0.022,-0.032,0.025,0.0,-0.0221,0.0221,6.33,-0.0119,39788.0,0.0213,0.0,2673.0,39268.0,0.0313,0.47700000000000004,0.47800000000000004,0.0,0.031,0.0,-0.003,10.671
50824512,1,0,0.146,-0.045,-0.051000000000000004,0.025,0.0,-0.023700000000000002,0.023700000000000002,6.37,-0.0117,39892.0,0.023,0.0,6833.0,39788.0,0.0335,0.47700000000000004,0.47800000000000004,0.0,0.031,0.0,-0.065,10.671
50829310,1,0,-0.11900000000000001,0.047,-0.037,0.024,0.0,-0.026500000000000003,0.0264,6.41,-0.011600000000000001,40000.0,0.0262,0.0,11631.0,39892.0,0.0374,0.4763,0.47500000000000003,0.0,0.011,0.0,0.134,10.731
50833313,1,0,0.11800000000000001,-0.053,-0.051000000000000004,0.025,0.0,-0.018600000000000002,0.018600000000000002,6.46,-0.0118,40320.0,0.018600000000000002,0.0,15634.0,40104.0,0.0262,0.4763,0.47500000000000003,0.0,0.011,0.0,-0.075,10.731
50837511,1,0,0.058,-0.014,-0.034,0.023,0.0,-0.016,0.016,6.48,-0.0112,40104.0,0.015600000000000001,0.0,0.0,40104.0,0.022600000000000002,0.4752,0.47300000000000003,0.0,-0.015,0.0,0.213,10.731
50841511,1,0,-0.09,0.024,-0.005,0.024,0.0,-0.024,0.024,6.5200000000000005,-0.011600000000000001,40432.0,0.0235,0.0,4000.0,40320.0,0.0339,0.4752,0.47300000000000003,0.0,-0.015,0.0,-0.129,10.731
50846553,1,0,0.165,-0.081,0.001,0.024,0.0,-0.0206,0.0206,6.5600000000000005,-0.011300000000000001,40984.0,0.0205,0.0,9042.0,40540.0,0.0291,0.4741,0.47200000000000003,0.0,-0.034,0.0,-0.146,10.731
50849326,1,0,-0.05,0.026000000000000002,0.017,0.023,0.0,-0.0155,0.0155,6.58,-0.011000000000000001,40760.0,0.0158,0.0,11815.0,40216.0,0.0219,0.4741,0.47200000000000003,0.0,-0.034,0.0,0.021,10.635
50853340,1,0,0.002,-0.023,0.007,0.024,0.0,-0.023100000000000002,0.023,6.62,-0.0114,40984.0,0.0239,0.0,15829.0,40648.0,0.032600000000000004,0.4741,0.47200000000000003,0.0,-0.034,0.0,-0.296,10.635
50857510,1,0,0.117,-0.038,0.04,0.023,0.0,-0.022600000000000002,0.022500000000000003,6.66,-0.0109,40984.0,0.0224,0.0,0.0,40648.0,0.031900000000000005,0.47300000000000003,0.47100000000000003,0.0,-0.048,0.0,-0.088,10.635
50861511,1,0,-0.11,0.033,0.055,0.023,0.0,-0.016,0.016,6.7,-0.0111,41208.0,0.0161,0.0,4001.0,40872.0,0.0227,0.47300000000000003,0.47100000000000003,0.0,-0.048,0.0,0.017,10.635
50866336,1,0,0.157,-0.041,0.021,0.023,0.0,-0.0211,0.0211,6.74,-0.0108,41320.0,0.0211,0.0,8826.0,40760.0,0.0298,0.4737,0.47500000000000003,0.0,-0.025,0.0,-0.158,10.635
50868387,1,0,0.054,0.001,0.037,0.022,0.0,-0.020800000000000003,0.020800000000000003,6.76,-0.0106,41552.0,0.0211,0.0,10877.0,40872.0,0.029400000000000003,0.4737,0.47500000000000003,0.0,-0.025,0.0,-0.06,10.635
50872511,1,0,-0.095,0.019,0.035,0.023,0.0,-0.0172,0.0172,6.78,-0.0109,41664.0,0.0179,0.0,15001.0,41096.0,0.024300000000000002,0.4737,0.47500000000000003,0.0,-0.025,0.0,-0.11,10.656
50876511,1,0,0.151,-0.031,-0.001,0.022,0.0,-0.0173,0.0173,6.83,-0.0105,41784.0,0.018000000000000002,0.0,0.0,41436.0,0.0245,0.4752,0.47800000000000004,0.0,0.01,0.0,-0.133,10.656
50881347,1,0,-0.117,0.037,0.047,0.022,0.0,-0.016900000000000002,0.016900000000000002,6.87,-0.0105,41436.0,0.0182,0.0,4836.0,41320.0,0.0238,0.4752,0.47800000000000004,0.0,0.01,0.0,-0.015,10.656
50885421,1,0,0.122,-0.038,-0.006,0.022,0.0,-0.013900000000000001,0.013900000000000001,6.91,-0.010400000000000001,42136.0,0.0149,0.0,8910.0,41552.0,0.019700000000000002,0.4772,0.48100000000000004,0.0,0.049,0.0,-0.334,10.656
50889536,1,0,-0.011,0.027,-0.017,0.021,0.0,-0.0148,0.0148,6.95,-0.01,42252.0,0.015000000000000001,0.0,13025.0,41436.0,0.020900000000000002,0.4772,0.48100000000000004,0.0,0.049,0.0,-0.151,10.656
50892356,1,0,-0.106,0.017,-0.006,0.021,0.0,-0.016300000000000002,0.016300000000000002,6.97,-0.0102,42252.0,0.016800000000000002,0.0,15845.0,41784.0,0.023100000000000002,0.4772,0.48100000000000004,0.0,0.049,0.0,-0.13,10.647
50896511,1,0,0.148,-0.021,-0.016,0.021,0.0,-0.0155,0.0155,7.01,-0.0099,42372.0,0.016900000000000002,0.0,0.0,42016.0,0.0219,0.4796,0.48400000000000004,0.0,0.08700000000000001,0.0,-0.19,10.647
50901364,1,0,-0.133,0.047,0.0,0.021,0.0,-0.0175,0.0175,7.05,-0.01,42492.0,0.018600000000000002,0.0,4853.0,42136.0,0.024800000000000003,0.4796,0.48400000000000004,0.0,0.08700000000000001,0.0,0.008,10.647
50905436,1,0,0.106,-0.031,-0.042,0.021,0.0,-0.015000000000000001,0.015000000000000001,7.09,-0.01,42372.0,0.0171,0.0,8925.0,42136.0,0.0213,0.48040000000000005,0.48200000000000004,0.0,0.08600000000000001,0.0,-0.17500000000000002,10.647
50909535,1,0,-0.076,0.042,-0.016,0.021,0.0,-0.019,0.019,7.12,-0.0099,42736.0,0.0205,0.0,13024.0,42492.0,0.0268,0.48040000000000005,0.48200000000000004,0.0,0.08600000000000001,0.0,-0.012,10.647
50912373,1,0,-0.117,0.011,-0.015,0.022,0.0,-0.013300000000000001,0.013300000000000001,7.16,-0.0103,42736.0,0.013800000000000002,0.0,15862.0,42252.0,0.0188,0.48040000000000005,0.48200000000000004,0.0,0.08600000000000001,0.0,-0.095,10.583
50916374,1,0,0.139,-0.021,-0.028,0.021,0.0,-0.0146,0.0146,7.18,-0.01,42736.0,0.0155,0.0,0.0,42612.0,0.0206,0.47990000000000005,0.47900000000000004,0.0,0.059000000000000004,0.0,-0.051000000000000004,10.583
50920424,1,0,-0.18,0.055,0.015,0.021,0.0,-0.0181,0.0181,7.22,-0.0102,43104.0,0.020800000000000003,0.0,4050.0,42980.0,0.0256,0.47990000000000005,0.47900000000000004,0.0,0.059000000000000004,0.0,-0.018000000000000002,10.583
50924526,1,0,0.05,-0.049,-0.013000000000000001,0.022,0.0,-0.0196,0.0196,7.26,-0.0105,42980.0,0.020900000000000002,0.0,8152.0,42856.0,0.027700000000000002,0.47990000000000005,0.47900000000000004,0.0,0.059000000000000004,0.0,-0.127,10.583
50929383,1,0,-0.066,0.063,0.017,0.022,0.0,-0.0097,0.0097,7.3,-0.0103,43604.0,0.0105,0.0,13009.0,42856.0,0.0137,0.4793,0.47800000000000004,0.0,0.033,0.0,-0.049,10.583
50933393,1,0,-0.056,-0.038,0.013000000000000001,0.022,0.0,-0.0206,0.0205,7.3500000000000005,-0.0108,43604.0,0.0229,0.0,17019.0,42980.0,0.0291,0.4793,0.47800000000000004,0.0,0.033,0.0,-0.10300000000000001,10.589
50937510,1,0,0.107,0.017,0.03,0.022,0.0,-0.0122,0.0122,7.37,-0.010400000000000001,43604.0,0.0142,0.0,0.0,43228.0,0.0172,0.47850000000000004,0.47700000000000004,0.0,0.011,0.0,-0.153,10.589
50941510,1,0,-0.145,0.017,0.051000000000000004,0.022,0.0,-0.0152,0.0152,7.41,-0.010700000000000001,43860.0,0.0178,0.0,4000.0,43352.0,0.0216,0.47850000000000004,0.47700000000000004,0.0,0.011,0.0,-0.084,10.589
50946391,1,0,0.117,0.019,0.007,0.022,0.0,-0.0213,0.0213,7.45,-0.0105,43860.0,0.0251,0.0,8881.0,43352.0,0.030100000000000002,0.47800000000000004,0.47700000000000004,0.0,-0.001,0.0,-0.038,10.589
50948396,1,0,0.008,0.049,0.036000000000000004,0.022,0.0,-0.0177,0.0176,7.47,-0.0105,44116.0,0.019700000000000002,0.0,10886.0,43480.0,0.025,0.47800000000000004,0.47700000000000004,0.0,-0.001,0.0,-0.029,10.589
50952510,1,0,-0.049,-0.028,0.033,0.023,0.0,-0.009600000000000001,0.009600000000000001,7.51,-0.0109,43988.0,0.0108,0.0,15000.0,43732.0,0.0135,0.47800000000000004,0.47700000000000004,0.0,-0.001,0.0,0.001,10.576
50957402,1,0,0.024,0.039,0.028,0.022,0.0,-0.0173,0.0173,7.55,-0.010700000000000001,43988.0,0.02,0.0,0.0,43988.0,0.0244,0.4776,0.47700000000000004,0.0,-0.008,0.0,-0.001,10.576
50961405,1,0,-0.043000000000000003,-0.024,0.026000000000000002,0.023,0.0,-0.010100000000000001,0.010100000000000001,7.59,-0.011000000000000001,44376.0,0.0109,0.0,4003.0,43860.0,0.0143,0.4776,0.47700000000000004,0.0,-0.008,0.0,0.047,10.576
50965480,1,0,0.095,0.012,-0.003,0.022,0.0,-0.013000000000000001,0.013000000000000001,7.63,-0.010700000000000001,44376.0,0.014700000000000001,0.0,8078.0,43860.0,0.0184,0.4781,0.47900000000000004,0.0,0.003,0.0,0.179,10.576
50967680,1,0,-0.005,0.046,0.005,0.023,0.0,-0.014100000000000001,0.014100000000000001,7.63,-0.0108,44640.0,0.0165,0.0,10278.0,43860.0,0.0199,0.4781,0.47900000000000004,0.0,0.003,0.0,0.17,10.576
50972509,1,0,0.079,-0.034,-0.022,0.023,0.0,-0.0106,0.0106,7.69,-0.011000000000000001,44512.0,0.0129,0.0,15107.0,43988.0,0.0149,0.4781,0.47900000000000004,0.0,0.003,0.0,0.09,10.57
50977418,1,0,-0.028,0.043000000000000003,0.017,0.023,0.0,-0.0125,0.0125,7.73,-0.0108,44640.0,0.0149,0.0,0.0,44512.0,0.0176,0.4788,0.48000000000000004,0.0,0.016,0.0,0.023,10.57
50981420,1,0,0.057,-0.042,-0.031,0.023,0.0,-0.0128,0.0128,7.75,-0.0109,44912.0,0.0149,0.0,4002.0,44512.0,0.0181,0.4788,0.48000000000000004,0.0,0.016,0.0,-0.017,10.57
50985497,1,0,0.054,0.03,-0.028,0.022,0.0,-0.0111,0.0111,7.79,-0.0106,44912.0,0.0131,0.0,8079.0,44512.0,0.015700000000000002,0.47850000000000004,0.47800000000000004,0.0,0.007,0.0,0.023,10.57
50989534,1,0,-0.034,-0.03,-0.01,0.023,0.0,-0.014400000000000001,0.014400000000000001,7.83,-0.0108,45316.0,0.016900000000000002,0.0,12116.0,44776.0,0.0204,0.47850000000000004,0.47800000000000004,0.0,0.007,0.0,0.084,10.57
50992429,1,0,0.126,-0.023,-0.036000000000000004,0.022,0.0,-0.0132,0.0132,7.8500000000000005,-0.0105,45316.0,0.0151,0.0,15011.0,45044.0,0.018600000000000002,0.47850000000000004,0.47800000000000004,0.0,0.007,0.0,0.154,10.52
50996510,1,0,-0.044,0.033,-0.002,0.022,0.0,-0.0137,0.0137,7.890000000000001,-0.0106,45316.0,0.0171,0.0,0.0,45044.0,0.0194,0.4773,0.47500000000000003,0.0,-0.019,0.0,0.07100000000000001,10.52
51001438,1,0,0.121,-0.027,-0.025,0.022,0.0,-0.0135,0.0135,7.930000000000001,-0.010400000000000001,45316.0,0.0172,0.0,4928.0,45044.0,0.019100000000000002,0.4773,0.47500000000000003,0.0,-0.019,0.0,0.10300000000000001,10.52
51005516,1,0,-0.051000000000000004,0.035,0.013000000000000001,0.022,0.0,-0.0152,0.0152,7.97,-0.010400000000000001,45732.0,0.019100000000000002,0.0,9006.0,45044.0,0.021500000000000002,0.4782,0.48000000000000004,0.0,0.004,0.0,0.05,10.52
51009754,1,0,0.062,-0.043000000000000003,-0.023,0.022,0.0,-0.0146,0.0146,8.01,-0.0105,45872.0,0.0173,0.0,13244.0,45316.0,0.0206,0.4782,0.48000000000000004,0.0,0.004,0.0,-0.018000000000000002,10.52
51012443,1,0,0.056,0.019,-0.005,0.022,0.0,-0.0181,0.0181,8.02,-0.0103,45732.0,0.023100000000000002,0.0,15933.0,45316.0,0.0256,0.4782,0.48000000000000004,0.0,0.004,0.0,0.025,10.508000000000001
51016508,1,0,-0.07100000000000001,0.011,0.029,0.022,0.0,-0.0167,0.0167,8.06,-0.0108,45872.0,0.0213,0.0,0.0,45316.0,0.023700000000000002,0.4802,0.48400000000000004,0.0,0.044,0.0,-0.027,10.508000000000001
51021453,1,0,0.047,0.003,-0.019,0.022,0.0,-0.0159,0.0159,8.1,-0.010400000000000001,46152.0,0.0195,0.0,4945.0,45732.0,0.022500000000000003,0.4802,0.48400000000000004,0.0,0.044,0.0,0.008,10.508000000000001
51025532,1,0,-0.096,0.015,0.009000000000000001,0.022,0.0,-0.0179,0.0179,8.14,-0.0108,46296.0,0.021500000000000002,0.0,9024.0,45592.0,0.0253,0.4812,0.48300000000000004,0.0,0.054,0.0,-0.012,10.508000000000001
51028452,1,0,0.08700000000000001,-0.046,-0.02,0.022,0.0,-0.0193,0.0193,8.16,-0.0106,46296.0,0.0235,0.0,11944.0,45732.0,0.0273,0.4812,0.48300000000000004,0.0,0.054,0.0,0.022,10.508000000000001
51033458,1,0,-0.10400000000000001,0.038,0.02,0.022,0.0,-0.0154,0.0154,8.2,-0.0105,46296.0,0.019700000000000002,0.0,16950.0,46012.0,0.0217,0.4812,0.48300000000000004,0.0,0.054,0.0,0.091,10.473
51038552,1,0,0.037,-0.051000000000000004,-0.039,0.022,0.0,-0.0217,0.0217,8.24,-0.010400000000000001,46584.0,0.027700000000000002,0.0,0.0,46152.0,0.0307,0.4811,0.48100000000000004,0.0,0.042,0.0,0.007,10.473
51041465,1,0,-0.039,0.023,0.013000000000000001,0.021,0.0,-0.014,0.014,8.27,-0.0102,46728.0,0.0179,0.0,2913.0,46152.0,0.0198,0.4811,0.48100000000000004,0.0,0.042,0.0,-0.11800000000000001,10.473
51045542,1,0,-0.016,-0.042,-0.03,0.021,0.0,-0.0176,0.0176,8.31,-0.0103,46728.0,0.022000000000000002,0.0,6990.0,46440.0,0.024900000000000002,0.4818,0.48300000000000004,0.0,0.047,0.0,-0.152,10.473
51048468,1,0,0.036000000000000004,-0.001,-0.025,0.021,0.0,-0.0207,0.0207,8.33,-0.01,47020.0,0.026000000000000002,0.0,9916.0,46584.0,0.029300000000000003,0.4818,0.48300000000000004,0.0,0.047,0.0,-0.158,10.473
51053476,1,0,-0.066,-0.038,0.023,0.021,0.0,-0.017,0.017,8.4,-0.0103,46876.0,0.0222,0.0,14924.0,46584.0,0.024,0.4818,0.48300000000000004,0.0,0.047,0.0,-0.026000000000000002,10.441
51058479,1,0,-0.014,0.031,0.006,0.021,0.0,-0.019,0.019,8.45,-0.010100000000000001,47468.0,0.0244,0.0,0.0,46728.0,0.0269,0.48260000000000003,0.48400000000000004,0.0,0.053,0.0,0.031,10.441
51060530,1,0,-0.095,0.018000000000000002,0.032,0.021,0.0,-0.0183,0.0183,8.47,-0.0102,47020.0,0.0244,0.0,2051.0,46584.0,0.0258,0.48260000000000003,0.48400000000000004,0.0,0.053,0.0,0.028,10.441
51065557,1,0,0.054,-0.01,0.007,0.021,0.0,-0.016300000000000002,0.016300000000000002,8.52,-0.010100000000000001,47168.0,0.0205,0.0,7078.0,47020.0,0.023,0.48310000000000003,0.48400000000000004,0.0,0.052000000000000005,0.0,-0.014,10.441
51067682,1,0,-0.013000000000000001,0.041,0.037,0.021,0.0,-0.0166,0.0166,8.540000000000001,-0.0102,47020.0,0.022600000000000002,0.0,9203.0,47020.0,0.0234,0.48310000000000003,0.48400000000000004,0.0,0.052000000000000005,0.0,-0.033,10.441
51073492,1,0,0.032,-0.018000000000000002,0.0,0.022,0.0,-0.0189,0.0189,8.58,-0.0103,47768.0,0.024800000000000003,0.0,15013.0,47320.0,0.0267,0.48310000000000003,0.48400000000000004,0.0,0.052000000000000005,0.0,-0.012,10.438
51078491,1,0,-0.09,0.019,0.054,0.022,0.0,-0.0179,0.0179,8.63,-0.0106,47768.0,0.0228,0.0,0.0,46876.0,0.0253,0.48300000000000004,0.48300000000000004,0.0,0.041,0.0,-0.021,10.438
51080543,1,0,-0.052000000000000005,-0.038,0.018000000000000002,0.022,0.0,-0.017400000000000002,0.017400000000000002,8.65,-0.010700000000000001,47768.0,0.0229,0.0,2052.0,47020.0,0.0247,0.48300000000000004,0.48300000000000004,0.0,0.041,0.0,0.008,10.438
51085571,1,0,-0.025,0.058,0.027,0.022,0.0,-0.017400000000000002,0.017400000000000002,8.700000000000001,-0.010700000000000001,47768.0,0.023,0.0,7080.0,47620.0,0.0247,0.4823,0.48100000000000004,0.0,0.019,0.0,-0.033,10.438
51088503,1,0,-0.073,-0.026000000000000002,0.026000000000000002,0.023,0.0,-0.017,0.017,8.74,-0.0109,48076.0,0.023100000000000002,0.0,10012.0,47620.0,0.024,0.4823,0.48100000000000004,0.0,0.019,0.0,-0.014,10.438
51093509,1,0,-0.004,0.067,0.008,0.023,0.0,-0.02,0.02,8.790000000000001,-0.0109,48076.0,0.0275,0.0,15018.0,47620.0,0.028300000000000002,0.4823,0.48100000000000004,0.0,0.019,0.0,-0.048,10.48
51098510,1,0,-0.019,-0.046,-0.034,0.024,0.0,-0.0183,0.0183,8.84,-0.011300000000000001,48076.0,0.025500000000000002,0.0,0.0,48076.0,0.0258,0.4808,0.47800000000000004,0.0,-0.015,0.0,0.028,10.48
51100558,1,0,0.045,0.012,-0.048,0.023,0.0,-0.0176,0.0176,8.86,-0.0112,48388.0,0.0234,0.0,2048.0,47924.0,0.024900000000000002,0.4808,0.47800000000000004,0.0,-0.015,0.0,-0.022,10.48
51103661,1,0,-0.049,0.067,0.026000000000000002,0.024,0.0,-0.018500000000000003,0.018500000000000003,8.88,-0.0115,48232.0,0.0256,0.0,5151.0,48076.0,0.0262,0.4808,0.47800000000000004,0.0,-0.015,0.0,0.007,10.48
51109518,1,0,0.045,0.029,-0.04,0.024,0.0,-0.0196,0.0196,8.950000000000001,-0.0115,48388.0,0.0258,0.0,11008.0,48076.0,0.027700000000000002,0.4802,0.47900000000000004,0.0,-0.025,0.0,-0.111,10.48
51112520,1,0,-0.059000000000000004,0.064,0.012,0.025,0.0,-0.0199,0.0199,8.98,-0.0118,48388.0,0.028,0.0,14010.0,48076.0,0.028200000000000003,0.4802,0.47900000000000004,0.0,-0.025,0.0,-0.186,10.48
51117681,1,0,0.07100000000000001,-0.003,-0.031,0.025,0.0,-0.0177,0.0177,9.02,-0.0118,49020.0,0.0239,0.0,0.0,48076.0,0.0251,0.4801,0.48000000000000004,0.0,-0.021,0.0,-0.14100000000000001,10.383000000000001
51120574,1,0,-0.041,0.085,0.025,0.025,0.0,-0.02,0.02,9.07,-0.012,48860.0,0.028300000000000002,0.0,2893.0,48700.0,0.028200000000000003,0.4801,0.48000000000000004,0.0,-0.021,0.0,-0.14100000000000001,10.383000000000001
51125599,1,0,0.07100000000000001,-0.031,-0.032,0.025,0.0,-0.0194,0.0194,9.11,-0.012,49180.0,0.0263,0.0,7918.0,49020.0,0.0275,0.4808,0.48200000000000004,0.0,-0.004,0.0,-0.07100000000000001,10.383000000000001
51128532,1,0,-0.002,0.08700000000000001,0.032,0.025,0.0,-0.0188,0.0188,9.14,-0.012100000000000001,49020.0,0.0264,0.0,10851.0,48232.0,0.026600000000000002,0.4808,0.48200000000000004,0.0,-0.004,0.0,-0.107,10.383000000000001
51133536,1,0,0.049,-0.056,-0.037,0.026000000000000002,0.0,-0.0199,0.0199,9.18,-0.0123,49344.0,0.0287,0.0,15855.0,49180.0,0.0281,0.4808,0.48200000000000004,0.0,-0.004,0.0,-0.077,10.383000000000001
51135739,1,0,0.073,0.022,-0.038,0.025,0.0,-0.0187,0.0187,9.21,-0.0122,49344.0,0.026500000000000003,0.0,0.0,49020.0,0.026500000000000003,0.48160000000000003,0.48300000000000004,0.0,0.013000000000000001,0.0,-0.137,10.383000000000001
51140586,1,0,-0.032,-0.023,0.022,0.026000000000000002,0.0,-0.0211,0.0211,9.25,-0.0125,49504.0,0.028900000000000002,0.0,4847.0,49180.0,0.0298,0.48160000000000003,0.48300000000000004,0.0,0.013000000000000001,0.0,-0.099,10.407
51145615,1,0,0.013000000000000001,0.074,0.017,0.026000000000000002,0.0,-0.0195,0.0195,9.290000000000001,-0.012400000000000001,49668.0,0.0268,0.0,9876.0,49020.0,0.027600000000000003,0.48140000000000005,0.48100000000000004,0.0,0.006,0.0,-0.176,10.407
51148542,1,0,-0.035,-0.001,0.007,0.026000000000000002,0.0,-0.019200000000000002,0.019200000000000002,9.33,-0.0126,49668.0,0.0269,0.0,12803.0,48860.0,0.027100000000000003,0.48140000000000005,0.48100000000000004,0.0,0.006,0.0,-0.09,10.407
51153549,1,0,0.032,0.053,-0.001,0.026000000000000002,0.0,-0.019200000000000002,0.019200000000000002,9.370000000000001,-0.0125,49832.0,0.027,0.0,17810.0,49180.0,0.027200000000000002,0.48140000000000005,0.48100000000000004,0.0,0.006,0.0,-0.145,10.407
51155621,1,0,-0.027,0.047,0.039,0.026000000000000002,0.0,-0.019,0.019,9.39,-0.0126,49832.0,0.027100000000000003,0.0,0.0,49668.0,0.0269,0.48050000000000004,0.47900000000000004,0.0,-0.012,0.0,-0.183,10.407
51160597,1,0,0.045,-0.002,-0.061,0.026000000000000002,0.0,-0.020200000000000003,0.020200000000000003,9.43,-0.0125,50000.0,0.029400000000000003,0.0,4976.0,49344.0,0.0285,0.48050000000000004,0.47900000000000004,0.0,-0.012,0.0,-0.241,10.419
51165629,1,0,-0.032,-0.014,0.01,0.026000000000000002,0.0,-0.0206,0.0206,9.47,-0.012700000000000001,50000.0,0.0296,0.0,10008.0,49504.0,0.0291,0.48000000000000004,0.47900000000000004,0.0,-0.02,0.0,-0.098,10.419
51167804,1,0,0.022,-0.046,-0.043000000000000003,0.026000000000000002,0.0,-0.019700000000000002,0.019700000000000002,9.49,-0.0126,50000.0,0.0296,0.0,12183.0,49832.0,0.0279,0.48000000000000004,0.47900000000000004,0.0,-0.02,0.0,-0.08,10.419
51173564,1,0,-0.044,-0.015,-0.004,0.026000000000000002,0.0,-0.02,0.02,9.52,-0.0126,50336.0,0.0298,0.0,17943.0,49832.0,0.028300000000000002,0.48000000000000004,0.47900000000000004,0.0,-0.02,0.0,0.003,10.419
51175635,1,0,0.013000000000000001,-0.048,-0.053,0.026000000000000002,0.0,-0.019700000000000002,0.019700000000000002,9.540000000000001,-0.0125,50336.0,0.0298,0.0,0.0,49832.0,0.027800000000000002,0.4796,0.47900000000000004,0.0,-0.023,0.0,-0.003,10.419
51180615,1,0,-0.046,0.034,0.047,0.026000000000000002,0.0,-0.021400000000000002,0.021400000000000002,9.58,-0.0125,50676.0,0.0322,0.0,4980.0,50000.0,0.0302,0.4796,0.47900000000000004,0.0,-0.023,0.0,-0.084,10.375
51185643,1,0,0.032,-0.006,-0.044,0.026000000000000002,0.0,-0.0206,0.0206,9.620000000000001,-0.0123,50676.0,0.030100000000000002,0.0,10008.0,50336.0,0.0291,0.47940000000000005,0.47900000000000004,0.0,-0.023,0.0,-0.123,10.375
51188575,1,0,-0.05,0.049,0.047,0.026000000000000002,0.0,-0.0222,0.0222,9.64,-0.0125,50676.0,0.0324,0.0,12940.0,50168.0,0.031400000000000004,0.47940000000000005,0.47900000000000004,0.0,-0.023,0.0,-0.059000000000000004,10.375
51193581,1,0,0.043000000000000003,-0.001,-0.032,0.026000000000000002,0.0,-0.0213,0.0213,9.68,-0.012400000000000001,50848.0,0.032600000000000004,0.0,17946.0,50504.0,0.030100000000000002,0.47940000000000005,0.47900000000000004,0.0,-0.023,0.0,-0.022,10.375
51195654,1,0,-0.011,0.045,0.025,0.026000000000000002,0.0,-0.0204,0.0204,9.700000000000001,-0.012400000000000001,51192.0,0.0303,0.0,0.0,50504.0,0.028800000000000003,0.47890000000000005,0.47800000000000004,0.0,-0.028,0.0,-0.054,10.375
51200629,1,0,0.022,-0.011,-0.022,0.026000000000000002,0.0,-0.022500000000000003,0.022500000000000003,9.74,-0.0125,51192.0,0.0328,0.0,4975.0,50504.0,0.0318,0.47890000000000005,0.47800000000000004,0.0,-0.028,0.0,-0.013000000000000001,10.355
51205674,1,0,-0.052000000000000005,0.022,0.067,0.026000000000000002,0.0,-0.0201,0.0201,9.78,-0.0126,51368.0,0.030600000000000002,0.0,10020.0,50848.0,0.0284,0.4783,0.47700000000000004,0.0,-0.036000000000000004,0.0,0.015,10.355
51208588,1,0,0.003,-0.018000000000000002,-0.019,0.026000000000000002,0.0,-0.021400000000000002,0.021400000000000002,9.82,-0.0126,51192.0,0.033,0.0,12934.0,51020.0,0.0302,0.4783,0.47700000000000004,0.0,-0.036000000000000004,0.0,0.065,10.355
51213592,1,0,-0.051000000000000004,0.029,0.054,0.027,0.0,-0.022000000000000002,0.022000000000000002,9.86,-0.012700000000000001,51368.0,0.0332,0.0,17938.0,51192.0,0.031100000000000003,0.4783,0.47700000000000004,0.0,-0.036000000000000004,0.0,0.047,10.355
51215663,1,0,-0.031,-0.012,0.017,0.027,0.0,-0.0217,0.0217,9.88,-0.0128,51724.0,0.0332,0.0,0.0,51020.0,0.0307,0.4782,0.47800000000000004,0.0,-0.031,0.0,0.134,10.355
51220647,1,0,-0.019,0.057,0.035,0.027,0.0,-0.0221,0.0221,9.91,-0.0128,51724.0,0.0334,0.0,4984.0,51192.0,0.0313,0.4782,0.47800000000000004,0.0,-0.031,0.0,-0.005,10.295
51223600,1,0,-0.043000000000000003,0.002,0.02,0.027,0.0,-0.023200000000000002,0.023200000000000002,9.93,-0.0129,51724.0,0.0358,0.0,7937.0,51020.0,0.0329,0.4782,0.47800000000000004,0.0,-0.031,0.0,0.212,10.295
51228602,1,0,-0.015,0.044,0.015,0.027,0.0,-0.020900000000000002,0.020900000000000002,9.97,-0.013000000000000001,51904.0,0.031200000000000002,0.0,12939.0,51368.0,0.0296,0.4781,0.47800000000000004,0.0,-0.026000000000000002,0.0,-0.076,10.295
51231758,1,0,-0.045,-0.008,0.017,0.027,0.0,-0.0207,0.0207,10.01,-0.013000000000000001,51904.0,0.0313,0.0,16095.0,51368.0,0.029300000000000003,0.4781,0.47800000000000004,0.0,-0.026000000000000002,0.0,0.12,10.295
51237608,1,0,-0.037,0.028,0.049,0.027,0.0,-0.0221,0.0221,10.05,-0.0132,51904.0,0.033800000000000004,0.0,0.0,51544.0,0.031200000000000002,0.47840000000000005,0.47900000000000004,0.0,-0.014,0.0,-0.031,10.191
51239612,1,0,-0.045,-0.014,0.019,0.028,0.0,-0.0212,0.0212,10.07,-0.013300000000000001,52264.0,0.031400000000000004,0.0,2004.0,51544.0,0.029900000000000003,0.47840000000000005,0.47900000000000004,0.0,-0.014,0.0,0.212,10.191
51244658,1,0,-0.008,0.044,0.024,0.028,0.0,-0.0216,0.0216,10.11,-0.0134,52448.0,0.034,0.0,7050.0,51724.0,0.030500000000000003,0.47840000000000005,0.47900000000000004,0.0,-0.014,0.0,-0.017,10.191
51247616,1,0,-0.05,-0.015,0.032,0.028,0.0,-0.022000000000000002,0.022000000000000002,10.14,-0.0135,52448.0,0.0341,0.0,10008.0,51724.0,0.031100000000000003,0.4786,0.47900000000000004,0.0,-0.007,0.0,0.18,10.191
51251619,1,0,0.024,0.036000000000000004,-0.023,0.028,0.0,-0.0199,0.0199,10.18,-0.0135,52632.0,0.0318,0.0,14011.0,52084.0,0.0281,0.4786,0.47900000000000004,0.0,-0.007,0.0,-0.093,10.191
51255693,1,0,-0.054,-0.026000000000000002,0.04,0.028,0.0,-0.0207,0.0207,10.23,-0.013600000000000001,52632.0,0.032,0.0,0.0,52084.0,0.029300000000000003,0.4788,0.47900000000000004,0.0,-0.003,0.0,0.20600000000000002,10.191
51260673,1,0,0.01,0.029,0.031,0.028,0.0,-0.020200000000000003,0.020200000000000003,10.28,-0.0137,52632.0,0.032100000000000004,0.0,4980.0,52264.0,0.0285,0.4788,0.47900000000000004,0.0,-0.003,0.0,-0.061,10.236
51263761,1,0,-0.05,-0.025,0.034,0.029,0.0,-0.020200000000000003,0.020200000000000003,10.3,-0.013800000000000002,53004.0,0.0322,0.0,8068.0,52264.0,0.0285,0.4788,0.47900000000000004,0.0,-0.003,0.0,0.23500000000000001,10.236
51268791,1,0,0.022,0.021,0.023,0.029,0.0,-0.019100000000000002,0.019100000000000002,10.35,-0.013900000000000001,53004.0,0.029900000000000003,0.0,13098.0,52448.0,0.027,0.47850000000000004,0.47800000000000004,0.0,-0.008,0.0,-0.181,10.236
51271634,1,0,-0.051000000000000004,-0.036000000000000004,0.045,0.029,0.0,-0.0189,0.0189,10.4,-0.013900000000000001,53004.0,0.030000000000000002,0.0,15941.0,52632.0,0.0267,0.47850000000000004,0.47800000000000004,0.0,-0.008,0.0,0.195,10.236
51275679,1,0,0.038,0.029,-0.025,0.029,0.0,-0.0195,0.0195,10.450000000000001,-0.014,53192.0,0.030100000000000002,0.0,0.0,52632.0,0.027600000000000003,0.47850000000000004,0.47800000000000004,0.0,-0.008,0.0,-0.11,10.236
51280679,1,0,-0.029,-0.025,-0.026000000000000002,0.029,0.0,-0.018600000000000002,0.018600000000000002,10.450000000000001,-0.014,53380.0,0.030100000000000002,0.0,5000.0,52816.0,0.0263,0.47900000000000004,0.48000000000000004,0.0,0.004,0.0,0.243,10.247
51283642,1,0,0.047,0.027,-0.04,0.029,0.0,-0.018600000000000002,0.018600000000000002,10.450000000000001,-0.014100000000000001,53380.0,0.030100000000000002,0.0,7963.0,52816.0,0.0264,0.47900000000000004,0.48000000000000004,0.0,0.004,0.0,-0.122,10.247
51288645,1,0,-0.029,-0.016,-0.022,0.029,0.0,-0.0195,0.0195,10.47,-0.014100000000000001,53572.0,0.0302,0.0,12966.0,52816.0,0.0275,0.4801,0.48200000000000004,0.0,0.024,0.0,0.266,10.247
51293653,1,0,0.008,-0.027,0.052000000000000005,0.029,0.0,-0.0178,0.0178,10.47,-0.014100000000000001,53572.0,0.027700000000000002,0.0,17974.0,52816.0,0.0252,0.4801,0.48200000000000004,0.0,0.024,0.0,-0.099,10.247
51295808,1,0,-0.037,-0.04,0.023,0.029,0.0,-0.0179,0.0179,10.47,-0.014100000000000001,53572.0,0.027700000000000002,0.0,0.0,53192.0,0.0253,0.4811,0.48300000000000004,0.0,0.04,0.0,0.181,10.247
51300740,1,0,0.048,-0.014,0.017,0.029,0.0,-0.0175,0.0175,10.47,-0.014100000000000001,53956.0,0.027700000000000002,0.0,4932.0,53380.0,0.0247,0.4811,0.48300000000000004,0.0,0.04,0.0,-0.303,10.28
51303658,1,0,-0.033,-0.046,0.018000000000000002,0.029,0.0,-0.0171,0.0171,10.47,-0.014,53956.0,0.027700000000000002,0.0,7850.0,53192.0,0.024200000000000003,0.4811,0.48300000000000004,0.0,0.04,0.0,0.171,10.28
51308660,1,0,0.046,-0.025,0.023,0.029,0.0,-0.0183,0.0183,10.47,-0.014,54152.0,0.0302,0.0,12852.0,53572.0,0.025900000000000003,0.4818,0.48300000000000004,0.0,0.045,0.0,-0.217,10.28
51313663,1,0,0.003,0.019,-0.073,0.029,0.0,-0.0184,0.0184,10.47,-0.013900000000000001,53956.0,0.0302,0.0,17855.0,53572.0,0.026000000000000002,0.4818,0.48300000000000004,0.0,0.045,0.0,0.10300000000000001,10.28
51315747,1,0,0.048,0.002,-0.013000000000000001,0.029,0.0,-0.0188,0.0188,10.47,-0.013900000000000001,53956.0,0.0302,0.0,0.0,53572.0,0.026500000000000003,0.48150000000000004,0.48100000000000004,0.0,0.031,0.0,-0.303,10.28
51320749,1,0,-0.019,-0.01,-0.048,0.029,0.0,-0.0164,0.0164,10.47,-0.0137,54348.0,0.0252,0.0,5002.0,53764.0,0.023200000000000002,0.48150000000000004,0.48100000000000004,0.0,0.031,0.0,-0.009000000000000001,10.242
51323671,1,0,0.039,-0.018000000000000002,-0.018000000000000002,0.029,0.0,-0.0171,0.0171,10.47,-0.0137,54152.0,0.027700000000000002,0.0,7924.0,53572.0,0.024200000000000003,0.48150000000000004,0.48100000000000004,0.0,0.031,0.0,-0.424,10.242
51327772,1,0,-0.024,-0.044,0.007,0.028,0.0,-0.0161,0.0161,10.47,-0.0135,54544.0,0.0252,0.0,12025.0,53764.0,0.0227,0.4806,0.47900000000000004,0.0,0.007,0.0,0.075,10.242
51332674,1,0,0.032,-0.051000000000000004,0.058,0.028,0.0,-0.0172,0.0172,10.47,-0.013300000000000001,54544.0,0.027700000000000002,0.0,16927.0,53956.0,0.024300000000000002,0.4806,0.47900000000000004,0.0,0.007,0.0,-0.29,10.242
51337679,1,0,0.019,0.025,-0.096,0.028,0.0,-0.0171,0.0171,10.48,-0.0132,54544.0,0.027700000000000002,0.0,0.0,53764.0,0.024200000000000003,0.4808,0.48100000000000004,0.0,0.009000000000000001,0.0,-0.253,10.277000000000001
51339679,1,0,0.036000000000000004,-0.031,-0.008,0.027,0.0,-0.016900000000000002,0.016900000000000002,10.48,-0.0132,54544.0,0.027700000000000002,0.0,2000.0,53764.0,0.0239,0.4808,0.48100000000000004,0.0,0.009000000000000001,0.0,-0.462,10.277000000000001
51344801,1,0,-0.007,0.023,-0.062,0.027,0.0,-0.0172,0.0172,10.48,-0.013000000000000001,54744.0,0.027700000000000002,0.0,7122.0,53956.0,0.024300000000000002,0.4812,0.48200000000000004,0.0,0.016,0.0,-0.07200000000000001,10.277000000000001
51347677,1,0,0.029,-0.041,0.015,0.027,0.0,-0.0171,0.017,10.5,-0.0129,54744.0,0.027800000000000002,0.0,9998.0,54152.0,0.0241,0.4812,0.48200000000000004,0.0,0.016,0.0,-0.41600000000000004,10.277000000000001
51351681,1,0,-0.025,0.0,-0.037,0.026000000000000002,0.0,-0.0162,0.0162,10.5,-0.012700000000000001,54544.0,0.0252,0.0,14002.0,53956.0,0.0229,0.4812,0.48200000000000004,0.0,0.016,0.0,-0.114,10.277000000000001
51355769,1,0,0.014,-0.043000000000000003,0.029,0.026000000000000002,0.0,-0.0179,0.0179,10.5,-0.012700000000000001,54744.0,0.027800000000000002,0.0,0.0,53956.0,0.0253,0.4818,0.48300000000000004,0.0,0.025,0.0,-0.399,10.277000000000001
51360767,1,0,-0.019,0.046,-0.084,0.027,0.0,-0.0199,0.0199,10.5,-0.0128,54744.0,0.0328,0.0,4998.0,54152.0,0.0281,0.4818,0.48300000000000004,0.0,0.025,0.0,-0.255,10.3
51365782,1,0,-0.077,-0.055,0.065,0.026000000000000002,0.0,-0.0181,0.0181,10.5,-0.012700000000000001,54744.0,0.0303,0.0,10013.0,53764.0,0.0256,0.4822,0.48300000000000004,0.0,0.028,0.0,-0.108,10.3
51368678,1,0,-0.067,0.035,-0.039,0.027,0.0,-0.0189,0.0189,10.5,-0.0128,54944.0,0.0303,0.0,12909.0,54152.0,0.0267,0.4822,0.48300000000000004,0.0,0.028,0.0,-0.2,10.3
51373552,1,0,-0.045,-0.075,0.074,0.026000000000000002,0.0,-0.0175,0.0175,10.5,-0.012700000000000001,54744.0,0.027800000000000002,0.0,17783.0,54152.0,0.024800000000000003,0.4822,0.48300000000000004,0.0,0.028,0.0,-0.033,10.3
51377553,1,0,-0.003,0.054,-0.073,0.027,0.0,-0.0187,0.0187,10.51,-0.0129,54944.0,0.0303,0.0,0.0,54348.0,0.0264,0.4832,0.48500000000000004,0.0,0.042,0.0,-0.162,10.342
51381747,1,0,-0.04,-0.015,0.048,0.027,0.0,-0.0155,0.0155,10.51,-0.012700000000000001,54944.0,0.0253,0.0,4194.0,54544.0,0.0219,0.4832,0.48500000000000004,0.0,0.042,0.0,0.117,10.342
51383749,1,0,0.008,0.066,-0.049,0.027,0.0,-0.0154,0.0154,10.51,-0.0128,55148.0,0.0253,0.0,6196.0,54544.0,0.0218,0.4832,0.48500000000000004,0.0,0.042,0.0,-0.14,10.342
51388548,1,0,-0.028,-0.063,0.073,0.026000000000000002,0.0,-0.0198,0.0198,10.51,-0.012700000000000001,55148.0,0.0328,0.0,10995.0,54152.0,0.028,0.4842,0.48600000000000004,0.0,0.053,0.0,-0.21,10.342
51392741,1,0,0.039,0.064,-0.039,0.027,0.0,-0.02,0.02,10.51,-0.0129,55148.0,0.0328,0.0,15188.0,54348.0,0.028300000000000002,0.4842,0.48600000000000004,0.0,0.053,0.0,-0.246,10.342
51397552,1,0,-0.037,-0.021,0.053,0.026000000000000002,0.0,-0.0176,0.0176,10.51,-0.012700000000000001,55352.0,0.027800000000000002,0.0,0.0,54348.0,0.024900000000000002,0.48410000000000003,0.48400000000000004,0.0,0.041,0.0,0.17400000000000002,10.215
51401761,1,0,0.048,0.019,0.014,0.027,0.0,-0.0199,0.0199,10.51,-0.0129,55352.0,0.0328,0.0,4209.0,54348.0,0.0281,0.48410000000000003,0.48400000000000004,0.0,0.041,0.0,-0.29,10.215
51403766,1,0,-0.015,-0.024,0.074,0.027,0.0,-0.019700000000000002,0.019700000000000002,10.51,-0.0128,55148.0,0.0328,0.0,6214.0,54544.0,0.0279,0.48410000000000003,0.48400000000000004,0.0,0.041,0.0,0.015,10.215
51408568,1,0,0.058,0.089,-0.05,0.027,0.0,-0.0164,0.0164,10.51,-0.013000000000000001,55352.0,0.0253,0.0,11016.0,54544.0,0.023200000000000002,0.4834,0.48200000000000004,0.0,0.018000000000000002,0.0,-0.23600000000000002,10.215
51413552,1,0,-0.034,0.031,0.011,0.027,0.0,-0.018600000000000002,0.018600000000000002,10.53,-0.0131,55148.0,0.0304,0.0,16000.0,54544.0,0.0264,0.4834,0.48200000000000004,0.0,0.018000000000000002,0.0,0.033,10.215
51418678,1,0,0.034,-0.016,0.041,0.027,0.0,-0.0179,0.0179,10.51,-0.0132,55352.0,0.027800000000000002,0.0,0.0,54544.0,0.025400000000000002,0.4832,0.48300000000000004,0.0,0.012,0.0,-0.22,10.294
51420828,1,0,-0.046,0.043000000000000003,0.013000000000000001,0.028,0.0,-0.019200000000000002,0.019200000000000002,10.540000000000001,-0.013300000000000001,55352.0,0.0304,0.0,2150.0,54744.0,0.027100000000000003,0.4832,0.48300000000000004,0.0,0.012,0.0,0.07100000000000001,10.294
51423678,1,0,0.07200000000000001,0.074,-0.053,0.028,0.0,-0.0175,0.0175,10.540000000000001,-0.0134,55148.0,0.0279,0.0,5000.0,54744.0,0.024800000000000003,0.4832,0.48300000000000004,0.0,0.012,0.0,-0.264,10.294
51428551,1,0,-0.075,0.011,0.037,0.028,0.0,-0.018600000000000002,0.018600000000000002,10.540000000000001,-0.0134,55352.0,0.0304,0.0,9873.0,54544.0,0.0263,0.4832,0.48300000000000004,0.0,0.008,0.0,0.28400000000000003,10.294
51432787,1,0,0.054,-0.014,0.01,0.028,0.0,-0.020200000000000003,0.020200000000000003,10.540000000000001,-0.013600000000000001,55556.0,0.0329,0.0,14109.0,54744.0,0.0286,0.4832,0.48300000000000004,0.0,0.008,0.0,0.079,10.294
51437552,1,0,-0.023,0.055,-0.018000000000000002,0.029,0.0,-0.0184,0.0184,10.540000000000001,-0.0137,55148.0,0.0304,0.0,0.0,54744.0,0.026000000000000002,0.48310000000000003,0.48300000000000004,0.0,0.005,0.0,0.432,10.301
51441789,1,0,-0.02,-0.035,0.051000000000000004,0.029,0.0,-0.0196,0.0196,10.540000000000001,-0.013800000000000002,55556.0,0.0304,0.0,4237.0,54744.0,0.027800000000000002,0.48310000000000003,0.48300000000000004,0.0,0.005,0.0,0.11,10.301
51443812,1,0,-0.027,0.029,0.02,0.029,0.0,-0.0183,0.0183,10.540000000000001,-0.013800000000000002,55352.0,0.0304,0.0,6260.0,54744.0,0.025900000000000003,0.48310000000000003,0.48300000000000004,0.0,0.005,0.0,0.215,10.301
51448552,1,0,0.052000000000000005,-0.008,-0.006,0.029,0.0,-0.0198,0.0198,10.540000000000001,-0.013800000000000002,55556.0,0.0329,0.0,11000.0,54744.0,0.028,0.48310000000000003,0.48300000000000004,0.0,0.003,0.0,-0.183,10.301
51452790,1,0,0.022,0.056,-0.033,0.029,0.0,-0.020800000000000003,0.020800000000000003,10.540000000000001,-0.013900000000000001,55352.0,0.0329,0.0,15238.0,54544.0,0.029400000000000003,0.48310000000000003,0.48300000000000004,0.0,0.003,0.0,-0.031,10.301
51457794,1,0,-0.055,-0.027,0.04,0.029,0.0,-0.0213,0.0213,10.540000000000001,-0.013800000000000002,55352.0,0.035500000000000004,0.0,0.0,54544.0,0.030100000000000002,0.48300000000000004,0.48300000000000004,0.0,0.002,0.0,0.007,10.236
51459797,1,0,-0.008,0.043000000000000003,-0.005,0.029,0.0,-0.021,0.021,10.540000000000001,-0.013900000000000001,55352.0,0.0329,0.0,2003.0,54944.0,0.0297,0.48300000000000004,0.48300000000000004,0.0,0.002,0.0,-0.069,10.236
51463805,1,0,0.014,-0.026000000000000002,0.006,0.029,0.0,-0.0216,0.0216,10.540000000000001,-0.013900000000000001,55556.0,0.035500000000000004,0.0,6011.0,54944.0,0.030500000000000003,0.48300000000000004,0.48300000000000004,0.0,0.002,0.0,-0.114,10.236
51468679,1,0,0.041,0.031,-0.028,0.029,0.0,-0.0184,0.0184,10.540000000000001,-0.014,55556.0,0.0304,0.0,10885.0,54744.0,0.0261,0.48300000000000004,0.48300000000000004,0.0,0.001,0.0,0.154,10.236
51473553,1,0,-0.07200000000000001,0.0,0.032,0.029,0.0,-0.024900000000000002,0.024900000000000002,10.540000000000001,-0.013900000000000001,55556.0,0.0405,0.0,15759.0,54544.0,0.0352,0.48300000000000004,0.48300000000000004,0.0,0.001,0.0,0.495,10.236
51477819,1,0,0.074,-0.01,-0.039,0.029,0.0,-0.0199,0.0199,10.55,-0.013800000000000002,55760.0,0.033,0.0,0.0,54944.0,0.028200000000000003,0.4823,0.48100000000000004,0.0,-0.013000000000000001,0.0,0.10300000000000001,10.282
51480556,1,0,-0.057,-0.016,0.008,0.029,0.0,-0.0207,0.0207,10.55,-0.013800000000000002,55556.0,0.033,0.0,2737.0,54744.0,0.0292,0.4823,0.48100000000000004,0.0,-0.013000000000000001,0.0,0.461,10.282
51484838,1,0,0.053,0.009000000000000001,-0.03,0.029,0.0,-0.0275,0.0275,10.55,-0.013900000000000001,55556.0,0.0456,0.0,7019.0,54944.0,0.038900000000000004,0.4808,0.47800000000000004,0.0,-0.041,0.0,0.042,10.282
51489565,1,0,-0.06,0.009000000000000001,0.001,0.029,0.0,-0.021,0.021,10.57,-0.014,55352.0,0.033,0.0,11746.0,55148.0,0.0298,0.4808,0.47800000000000004,0.0,-0.041,0.0,0.352,10.282
51491817,1,0,0.083,0.015,-0.033,0.029,0.0,-0.0211,0.0211,10.57,-0.014,55352.0,0.033,0.0,13998.0,54944.0,0.029900000000000003,0.4808,0.47800000000000004,0.0,-0.041,0.0,-0.17400000000000002,10.282
51495831,1,0,-0.089,0.002,0.032,0.029,0.0,-0.0235,0.0235,10.57,-0.014100000000000001,55556.0,0.0381,0.0,0.0,54944.0,0.0332,0.4802,0.47900000000000004,0.0,-0.045,0.0,0.325,10.282
51500817,1,0,0.049,0.003,-0.02,0.029,0.0,-0.0222,0.0222,10.57,-0.013900000000000001,55556.0,0.0356,0.0,4986.0,54744.0,0.031400000000000004,0.4802,0.47900000000000004,0.0,-0.045,0.0,0.016,10.315
51505558,1,0,-0.023,0.018000000000000002,0.01,0.029,0.0,-0.023700000000000002,0.023700000000000002,10.57,-0.014100000000000001,55760.0,0.0381,0.0,9727.0,54744.0,0.0335,0.4798,0.47900000000000004,0.0,-0.044,0.0,0.44,10.315
51509820,1,0,0.021,-0.008,0.004,0.029,0.0,-0.0218,0.0218,10.57,-0.013900000000000001,55556.0,0.0356,0.0,13989.0,54944.0,0.0308,0.4798,0.47900000000000004,0.0,-0.044,0.0,0.11,10.315
51512555,1,0,-0.089,0.023,0.033,0.029,0.0,-0.025400000000000002,0.025400000000000002,10.57,-0.014100000000000001,55760.0,0.0407,0.0,16724.0,55148.0,0.0359,0.4798,0.47900000000000004,0.0,-0.044,0.0,0.122,10.315
51516825,1,0,-0.027,-0.007,-0.011,0.029,0.0,-0.0246,0.0245,10.57,-0.014,55556.0,0.0407,0.0,0.0,54944.0,0.0347,0.47950000000000004,0.47900000000000004,0.0,-0.041,0.0,-0.05,10.315
51521560,1,0,0.012,0.021,0.03,0.029,0.0,-0.024,0.024,10.58,-0.014100000000000001,55556.0,0.0381,0.0,4735.0,54944.0,0.0339,0.47950000000000004,0.47900000000000004,0.0,-0.041,0.0,0.124,10.227
51523821,1,0,-0.024,0.004,-0.014,0.029,0.0,-0.028300000000000002,0.028300000000000002,10.58,-0.014100000000000001,55556.0,0.045700000000000005,0.0,6996.0,54944.0,0.04,0.47950000000000004,0.47900000000000004,0.0,-0.041,0.0,-0.031,10.227
51528558,1,0,-0.042,0.013000000000000001,0.015,0.03,0.0,-0.025900000000000003,0.025900000000000003,10.58,-0.014400000000000001,55760.0,0.0407,0.0,11733.0,54744.0,0.0366,0.48040000000000005,0.48200000000000004,0.0,-0.015,0.0,0.212,10.227
51532816,1,0,-0.18,0.009000000000000001,0.015,0.031,0.0,-0.032100000000000004,0.032100000000000004,10.58,-0.0148,55760.0,0.050800000000000005,0.0,15991.0,54944.0,0.0454,0.48040000000000005,0.48200000000000004,0.0,-0.015,0.0,0.066,10.227
51537558,1,0,0.044,-0.001,0.003,0.031,0.0,-0.025900000000000003,0.025900000000000003,10.58,-0.0151,55556.0,0.0432,0.0,0.0,54744.0,0.0367,0.48160000000000003,0.48400000000000004,0.0,0.013000000000000001,0.0,0.023,10.227
51541559,1,0,-0.23800000000000002,-0.011,-0.012,0.032,0.0,-0.028900000000000002,0.028900000000000002,10.58,-0.015600000000000001,55760.0,0.0458,0.0,4001.0,54944.0,0.0409,0.48160000000000003,0.48400000000000004,0.0,0.013000000000000001,0.0,0.099,10.258000000000001
51545834,1,0,0.042,0.002,-0.003,0.033,0.0,-0.027100000000000003,0.027100000000000003,10.58,-0.0158,55556.0,0.0432,0.0,8276.0,54944.0,0.0383,0.4818,0.48200000000000004,0.0,0.013000000000000001,0.0,-0.28800000000000003,10.258000000000001
51548557,1,0,-0.14400000000000002,-0.001,-0.006,0.033,0.0,-0.0251,0.025,10.58,-0.0159,55760.0,0.0407,0.0,10999.0,54744.0,0.0354,0.4818,0.48200000000000004,0.0,0.013000000000000001,0.0,-0.122,10.258000000000001
51553557,1,0,-0.025,0.021,-0.02,0.034,0.0,-0.0408,0.0407,10.6,-0.0164,55556.0,0.06620000000000001,0.0,15999.0,54944.0,0.057600000000000005,0.4818,0.48200000000000004,0.0,0.013000000000000001,0.0,-0.232,10.258000000000001
51555835,1,0,-0.129,-0.019,-0.009000000000000001,0.035,0.0,-0.027800000000000002,0.027800000000000002,10.6,-0.0167,55760.0,0.0459,0.0,0.0,54944.0,0.039400000000000004,0.4811,0.48000000000000004,0.0,-0.002,0.0,-0.013000000000000001,10.258000000000001
51560837,1,0,-0.001,0.039,-0.008,0.035,0.0,-0.032100000000000004,0.032100000000000004,10.6,-0.0167,55760.0,0.051000000000000004,0.0,5002.0,55148.0,0.0454,0.4811,0.48000000000000004,0.0,-0.002,0.0,0.014,10.258000000000001
51565552,1,0,-0.125,-0.013000000000000001,-0.004,0.035,0.0,-0.0347,0.0347,10.61,-0.016900000000000002,55556.0,0.056100000000000004,0.0,9717.0,55148.0,0.049,0.48140000000000005,0.48200000000000004,0.0,0.004,0.0,0.196,10.198
51569800,1,0,-0.067,0.055,0.004,0.035,0.0,-0.0322,0.0322,10.61,-0.016800000000000002,55760.0,0.0522,0.0,13965.0,54944.0,0.0455,0.48140000000000005,0.48200000000000004,0.0,0.004,0.0,-0.193,10.198
51571815,1,0,-0.146,0.018000000000000002,0.025,0.035,0.0,-0.0351,0.0351,10.61,-0.017,55760.0,0.056100000000000004,0.0,15980.0,54944.0,0.0497,0.48140000000000005,0.48200000000000004,0.0,0.004,0.0,0.09,10.198
51575857,1,0,0.094,0.048,-0.031,0.035,0.0,-0.0286,0.0286,10.61,-0.016800000000000002,55760.0,0.0459,0.0,0.0,55352.0,0.040400000000000005,0.48200000000000004,0.48300000000000004,0.0,0.014,0.0,-0.244,10.198
51580552,1,0,-0.113,0.018000000000000002,0.01,0.036000000000000004,0.0,-0.0322,0.032100000000000004,10.61,-0.0172,55760.0,0.051000000000000004,0.0,4695.0,54944.0,0.0455,0.48200000000000004,0.48300000000000004,0.0,0.014,0.0,-0.08,10.198
51584836,1,0,0.038,0.053,0.015,0.036000000000000004,0.0,-0.0261,0.0261,10.61,-0.0172,55968.0,0.043300000000000005,0.0,8979.0,54944.0,0.0369,0.48200000000000004,0.48200000000000004,0.0,0.012,0.0,-0.294,10.268
51589550,1,0,0.021,0.034,0.026000000000000002,0.036000000000000004,0.0,-0.0313,0.0313,10.61,-0.0175,55556.0,0.051000000000000004,0.0,13693.0,55148.0,0.0442,0.48200000000000004,0.48200000000000004,0.0,0.012,0.0,-0.115,10.268
51593553,1,0,0.046,0.046,-0.008,0.036000000000000004,0.0,-0.026500000000000003,0.026500000000000003,10.61,-0.0175,55760.0,0.043300000000000005,0.0,17696.0,54944.0,0.0375,0.48200000000000004,0.48200000000000004,0.0,0.012,0.0,-0.157,10.268
51597819,1,0,0.11,0.075,0.034,0.036000000000000004,0.0,-0.0302,0.030100000000000002,10.61,-0.0175,55760.0,0.048400000000000006,0.0,0.0,55148.0,0.0426,0.48160000000000003,0.48100000000000004,0.0,0.002,0.0,-0.292,10.268
51599822,1,0,0.047,0.082,-0.007,0.037,0.0,-0.0339,0.0339,10.61,-0.0177,55760.0,0.056100000000000004,0.0,2003.0,55148.0,0.048,0.48160000000000003,0.48100000000000004,0.0,0.002,0.0,-0.4,10.268
51604847,1,0,0.107,0.05,0.014,0.037,0.0,-0.026500000000000003,0.026500000000000003,10.61,-0.0179,56180.0,0.0434,0.0,7028.0,55148.0,0.0375,0.48210000000000003,0.48300000000000004,0.0,0.011,0.0,-0.20400000000000001,10.247
51609552,1,0,-0.053,0.04,0.002,0.038,0.0,-0.0317,0.0316,10.61,-0.0181,55760.0,0.051000000000000004,0.0,11733.0,54944.0,0.0448,0.48210000000000003,0.48300000000000004,0.0,0.011,0.0,-0.153,10.247
51613552,1,0,0.089,0.061,-0.011,0.038,0.0,-0.0328,0.0328,10.61,-0.0182,55760.0,0.053500000000000006,0.0,15733.0,54944.0,0.046400000000000004,0.48210000000000003,0.48300000000000004,0.0,0.011,0.0,-0.188,10.247
51618683,1,0,-0.105,0.007,-0.009000000000000001,0.039,0.0,-0.037700000000000004,0.037700000000000004,10.64,-0.0188,56180.0,0.0613,0.0,0.0,54944.0,0.0533,0.4828,0.48400000000000004,0.0,0.022,0.0,-0.06,10.247
51620881,1,0,0.112,0.05,-0.016,0.039,0.0,-0.0308,0.0308,10.64,-0.0188,55760.0,0.0511,0.0,2198.0,55148.0,0.0436,0.4828,0.48400000000000004,0.0,0.022,0.0,-0.258,10.247
51625552,1,0,-0.17500000000000002,0.024,-0.016,0.04,0.0,-0.0376,0.0376,10.64,-0.019200000000000002,55556.0,0.0613,0.0,6869.0,54944.0,0.053200000000000004,0.4829,0.48300000000000004,0.0,0.019,0.0,-0.136,10.325000000000001
51629552,1,0,0.05,0.056,-0.049,0.041,0.0,-0.039400000000000004,0.039400000000000004,10.64,-0.0195,56180.0,0.0639,0.0,10869.0,55148.0,0.0557,0.4829,0.48300000000000004,0.0,0.019,0.0,-0.295,10.325000000000001
51631844,1,0,-0.094,0.017,-0.012,0.041,0.0,-0.029,0.029,10.64,-0.0198,55556.0,0.046,0.0,13161.0,54944.0,0.041,0.4829,0.48300000000000004,0.0,0.019,0.0,-0.10400000000000001,10.325000000000001
51635891,1,0,0.017,0.047,-0.013000000000000001,0.042,0.0,-0.0393,0.0393,10.64,-0.02,55760.0,0.0639,0.0,0.0,54744.0,0.055600000000000004,0.48260000000000003,0.48200000000000004,0.0,0.009000000000000001,0.0,-0.125,10.325000000000001
51640895,1,0,-0.052000000000000005,-0.028,0.018000000000000002,0.042,0.0,-0.033600000000000005,0.033600000000000005,10.64,-0.020300000000000002,55556.0,0.053700000000000005,0.0,5004.0,55148.0,0.0475,0.48260000000000003,0.48200000000000004,0.0,0.009000000000000001,0.0,-0.123,10.325000000000001
51645897,1,0,-0.039,0.037,-0.007,0.042,0.0,-0.0358,0.0357,10.64,-0.020300000000000002,55760.0,0.058800000000000005,0.0,10006.0,54944.0,0.0506,0.4827,0.48300000000000004,0.0,0.011,0.0,-0.443,10.281
51648009,1,0,-0.099,-0.024,0.03,0.042,0.0,-0.0402,0.040100000000000004,10.64,-0.020300000000000002,55760.0,0.0665,0.0,12118.0,54944.0,0.0568,0.4827,0.48300000000000004,0.0,0.011,0.0,-0.186,10.281
51652858,1,0,-0.002,0.066,-0.018000000000000002,0.042,0.0,-0.0388,0.038700000000000005,10.64,-0.020300000000000002,55968.0,0.0639,0.0,16967.0,55352.0,0.0548,0.4827,0.48300000000000004,0.0,0.011,0.0,-0.257,10.281
51657552,1,0,0.007,-0.02,0.047,0.042,0.0,-0.033100000000000004,0.033100000000000004,10.64,-0.020200000000000003,56180.0,0.053700000000000005,0.0,0.0,54944.0,0.0468,0.4832,0.48400000000000004,0.0,0.018000000000000002,0.0,0.162,10.281
51659861,1,0,0.027,0.088,-0.004,0.042,0.0,-0.0367,0.0367,10.64,-0.0201,55556.0,0.058800000000000005,0.0,2309.0,55148.0,0.0519,0.4832,0.48400000000000004,0.0,0.018000000000000002,0.0,-0.06,10.281
51663864,1,0,-0.027,-0.036000000000000004,0.034,0.042,0.0,-0.0361,0.0361,10.65,-0.0201,56180.0,0.058800000000000005,0.0,6312.0,55352.0,0.051000000000000004,0.4832,0.48400000000000004,0.0,0.018000000000000002,0.0,0.302,10.284
51668685,1,0,0.05,0.07100000000000001,-0.025,0.041,0.0,-0.029500000000000002,0.029500000000000002,10.65,-0.0198,55760.0,0.048600000000000004,0.0,11133.0,54944.0,0.041800000000000004,0.48310000000000003,0.48300000000000004,0.0,0.013000000000000001,0.0,-0.10400000000000001,10.284
51673552,1,0,0.066,0.017,0.012,0.041,0.0,-0.036000000000000004,0.0359,10.65,-0.019700000000000002,55760.0,0.058800000000000005,0.0,16000.0,55148.0,0.050800000000000005,0.48310000000000003,0.48300000000000004,0.0,0.013000000000000001,0.0,-0.039,10.284
51677874,1,0,-0.055,-0.004,0.026000000000000002,0.041,0.0,-0.0313,0.0313,10.65,-0.0198,55968.0,0.0512,0.0,0.0,54944.0,0.0443,0.4824,0.48100000000000004,0.0,-0.004,0.0,0.076,10.284
51680011,1,0,0.015,-0.001,0.027,0.041,0.0,-0.0346,0.0346,10.65,-0.0198,55760.0,0.0563,0.0,2137.0,55352.0,0.0489,0.4824,0.48100000000000004,0.0,-0.004,0.0,0.148,10.284
51684904,1,0,-0.031,-0.008,0.008,0.041,0.0,-0.029,0.029,10.65,-0.0199,55968.0,0.0461,0.0,7030.0,54944.0,0.041,0.48150000000000004,0.48000000000000004,0.0,-0.02,0.0,0.14,10.287
51689552,1,0,0.057,0.04,-0.022,0.041,0.0,-0.0296,0.0296,10.65,-0.0198,55760.0,0.048600000000000004,0.0,11678.0,55148.0,0.041800000000000004,0.48150000000000004,0.48000000000000004,0.0,-0.02,0.0,0.068,10.287
51691886,1,0,-0.044,0.005,-0.014,0.042,0.0,-0.0323,0.0322,10.65,-0.02,55968.0,0.053700000000000005,0.0,14012.0,55352.0,0.0456,0.48150000000000004,0.48000000000000004,0.0,-0.02,0.0,0.08,10.287
51695938,1,0,0.038,0.02,0.005,0.041,0.0,-0.0316,0.0316,10.67,-0.0199,55760.0,0.051300000000000005,0.0,0.0,54944.0,0.044700000000000004,0.4803,0.47800000000000004,0.0,-0.041,0.0,0.201,10.287
51700552,1,0,-0.051000000000000004,-0.025,0.006,0.042,0.0,-0.0316,0.0316,10.67,-0.02,56180.0,0.051300000000000005,0.0,4614.0,55148.0,0.044700000000000004,0.4803,0.47800000000000004,0.0,-0.041,0.0,0.132,10.287
51704552,1,0,0.018000000000000002,0.038,-0.016,0.041,0.0,-0.0327,0.0327,10.68,-0.0199,55760.0,0.0539,0.0,8614.0,55352.0,0.0463,0.4803,0.47800000000000004,0.0,-0.041,0.0,0.126,10.324
51708896,1,0,-0.066,-0.085,0.05,0.042,0.0,-0.032100000000000004,0.032100000000000004,10.68,-0.0201,56180.0,0.051300000000000005,0.0,12958.0,55352.0,0.0454,0.4798,0.47900000000000004,0.0,-0.042,0.0,0.23900000000000002,10.324
51713552,1,0,0.012,0.061,-0.033,0.042,0.0,-0.031400000000000004,0.031400000000000004,10.68,-0.020200000000000003,55760.0,0.051300000000000005,0.0,17614.0,55148.0,0.0444,0.4798,0.47900000000000004,0.0,-0.042,0.0,-0.046,10.324
51717553,1,0,-0.066,-0.084,0.048,0.042,0.0,-0.032600000000000004,0.032600000000000004,10.68,-0.020300000000000002,55760.0,0.0539,0.0,0.0,54944.0,0.0461,0.47950000000000004,0.47900000000000004,0.0,-0.039,0.0,0.342,10.324
51719908,1,0,0.017,0.064,-0.037,0.042,0.0,-0.0322,0.0322,10.68,-0.0204,55968.0,0.0526,0.0,2355.0,55352.0,0.0455,0.47950000000000004,0.47900000000000004,0.0,-0.039,0.0,0.07200000000000001,10.324
51724554,1,0,-0.062,-0.092,0.052000000000000005,0.042,0.0,-0.0317,0.0317,10.68,-0.0204,55968.0,0.051300000000000005,0.0,7001.0,54944.0,0.0448,0.47950000000000004,0.47900000000000004,0.0,-0.039,0.0,0.372,10.313
51728910,1,0,-0.01,0.038,-0.037,0.043000000000000003,0.0,-0.0332,0.0332,10.68,-0.0205,55968.0,0.0539,0.0,11357.0,55148.0,0.046900000000000004,0.4797,0.48000000000000004,0.0,-0.028,0.0,0.012,10.313
51733550,1,0,-0.026000000000000002,-0.056,0.03,0.043000000000000003,0.0,-0.0316,0.0316,10.68,-0.0205,55968.0,0.051300000000000005,0.0,15997.0,54944.0,0.044700000000000004,0.4797,0.48000000000000004,0.0,-0.028,0.0,0.336,10.313
51737552,1,0,-0.018000000000000002,0.007,-0.017,0.043000000000000003,0.0,-0.0316,0.0316,10.68,-0.0205,55760.0,0.051300000000000005,0.0,0.0,55148.0,0.044700000000000004,0.4798,0.48000000000000004,0.0,-0.021,0.0,0.134,10.313
51741920,1,0,0.018000000000000002,0.032,-0.038,0.043000000000000003,0.0,-0.032,0.032,10.68,-0.0204,55968.0,0.051300000000000005,0.0,4368.0,55148.0,0.045200000000000004,0.4798,0.48000000000000004,0.0,-0.021,0.0,0.177,10.313
51744052,1,0,0.019,0.027,-0.052000000000000005,0.043000000000000003,0.0,-0.029900000000000003,0.029900000000000003,10.68,-0.0205,56180.0,0.0488,0.0,6500.0,55148.0,0.042300000000000004,0.4798,0.48000000000000004,0.0,-0.021,0.0,-0.089,10.313
51748924,1,0,-0.001,0.005,-0.005,0.042,0.0,-0.031200000000000002,0.031200000000000002,10.69,-0.0204,55760.0,0.051300000000000005,0.0,11372.0,54944.0,0.0441,0.4806,0.48200000000000004,0.0,-0.001,0.0,0.114,10.290000000000001
51753552,1,0,-0.019,-0.065,0.002,0.042,0.0,-0.030100000000000002,0.030100000000000002,10.69,-0.0204,56180.0,0.0488,0.0,16000.0,55148.0,0.0426,0.4806,0.48200000000000004,0.0,-0.001,0.0,-0.009000000000000001,10.290000000000001
51757932,1,0,0.046,0.061,-0.051000000000000004,0.042,0.0,-0.0287,0.0287,10.69,-0.020300000000000002,55968.0,0.046200000000000005,0.0,0.0,55148.0,0.0405,0.48140000000000005,0.48300000000000004,0.0,0.016,0.0,-0.095,10.290000000000001
51759935,1,0,0.01,-0.023,-0.01,0.042,0.0,-0.0297,0.0297,10.69,-0.020300000000000002,55968.0,0.0488,0.0,2003.0,55148.0,0.042,0.48140000000000005,0.48300000000000004,0.0,0.016,0.0,-0.117,10.290000000000001
51763937,1,0,0.004,0.006,-0.002,0.042,0.0,-0.029400000000000003,0.029400000000000003,10.71,-0.0201,55760.0,0.0489,0.0,6005.0,55148.0,0.041600000000000005,0.48140000000000005,0.48300000000000004,0.0,0.016,0.0,0.14,10.290000000000001
51768680,1,0,0.012,-0.052000000000000005,0.01,0.042,0.0,-0.028,0.028,10.69,-0.0201,56392.0,0.046200000000000005,0.0,10748.0,54944.0,0.0396,0.48200000000000004,0.48300000000000004,0.0,0.024,0.0,-0.152,10.286
51773551,1,0,0.053,0.07100000000000001,-0.036000000000000004,0.042,0.0,-0.028200000000000003,0.028200000000000003,10.71,-0.02,55760.0,0.0463,0.0,15619.0,54944.0,0.0398,0.48200000000000004,0.48300000000000004,0.0,0.024,0.0,-0.28200000000000003,10.286
51777948,1,0,-0.002,-0.059000000000000004,0.039,0.041,0.0,-0.025900000000000003,0.025900000000000003,10.71,-0.0199,56180.0,0.0412,0.0,0.0,55148.0,0.0366,0.4823,0.48300000000000004,0.0,0.026000000000000002,0.0,-0.057,10.286
51779985,1,0,0.056,0.051000000000000004,-0.033,0.041,0.0,-0.0252,0.0252,10.71,-0.0199,55760.0,0.0412,0.0,2037.0,55352.0,0.0357,0.4823,0.48300000000000004,0.0,0.026000000000000002,0.0,-0.355,10.286
51784554,1,0,-0.007,-0.091,0.05,0.041,0.0,-0.027,0.027,10.71,-0.0198,55968.0,0.0438,0.0,6606.0,54944.0,0.038200000000000005,0.4823,0.48300000000000004,0.0,0.026000000000000002,0.0,-0.292,10.286
51788955,1,0,0.088,0.041,-0.033,0.041,0.0,-0.0247,0.0247,10.72,-0.019700000000000002,55968.0,0.0412,0.0,11007.0,55352.0,0.035,0.48260000000000003,0.48300000000000004,0.0,0.026000000000000002,0.0,-0.553,10.357000000000001
51793562,1,0,-0.003,-0.054,0.028,0.041,0.0,-0.0258,0.0258,10.72,-0.0195,55760.0,0.0412,0.0,15614.0,55148.0,0.0364,0.48260000000000003,0.48300000000000004,0.0,0.026000000000000002,0.0,0.098,10.357000000000001
51797961,1,0,0.043000000000000003,-0.056,0.001,0.04,0.0,-0.024900000000000002,0.024800000000000003,10.72,-0.0194,55968.0,0.0412,0.0,0.0,54944.0,0.0351,0.4827,0.48300000000000004,0.0,0.024,0.0,-0.154,10.357000000000001
51799964,1,0,-0.02,-0.081,0.046,0.04,0.0,-0.025500000000000002,0.025500000000000002,10.72,-0.019200000000000002,55760.0,0.0412,0.0,2003.0,55352.0,0.036000000000000004,0.4827,0.48300000000000004,0.0,0.024,0.0,0.151,10.357000000000001
51804553,1,0,0.098,0.052000000000000005,-0.046,0.04,0.0,-0.0261,0.0261,10.72,-0.019200000000000002,55968.0,0.0438,0.0,6592.0,54944.0,0.0369,0.4827,0.48300000000000004,0.0,0.024,0.0,-0.446,10.357000000000001
51808969,1,0,0.003,0.005,0.001,0.04,0.0,-0.0256,0.0256,10.72,-0.019,56180.0,0.0412,0.0,11008.0,54944.0,0.0362,0.4832,0.48400000000000004,0.0,0.028,0.0,-0.127,10.284
51813551,1,0,0.028,-0.04,0.0,0.039,0.0,-0.027,0.0269,10.72,-0.019,56180.0,0.0438,0.0,15590.0,55148.0,0.0381,0.4832,0.48400000000000004,0.0,0.028,0.0,-0.515,10.284
51818680,1,0,0.077,0.059000000000000004,-0.048,0.039,0.0,-0.0246,0.0246,10.72,-0.019,56180.0,0.0412,0.0,0.0,55148.0,0.034800000000000005,0.4838,0.48500000000000004,0.0,0.035,0.0,-0.439,10.284
51821021,1,0,0.014,-0.076,0.014,0.039,0.0,-0.0234,0.0234,10.72,-0.0189,56180.0,0.0386,0.0,2341.0,54944.0,0.033100000000000004,0.4838,0.48500000000000004,0.0,0.035,0.0,-0.35100000000000003,10.284
51826029,1,0,0.073,0.05,-0.029,0.039,0.0,-0.0268,0.0268,10.72,-0.0189,55968.0,0.0438,0.0,7349.0,55148.0,0.0378,0.4842,0.48500000000000004,0.0,0.036000000000000004,0.0,-0.295,10.284
51828514,1,0,0.041,-0.043000000000000003,0.01,0.039,0.0,-0.0263,0.0263,10.72,-0.0188,56180.0,0.0438,0.0,9834.0,55148.0,0.0371,0.4842,0.48500000000000004,0.0,0.036000000000000004,0.0,-0.257,10.265
51832552,1,0,0.023,0.023,-0.005,0.039,0.0,-0.023700000000000002,0.023700000000000002,10.72,-0.0187,55760.0,0.038700000000000005,0.0,13872.0,55148.0,0.0335,0.4842,0.48500000000000004,0.0,0.036000000000000004,0.0,-0.079,10.265
51837513,1,0,-0.032,-0.081,0.051000000000000004,0.038,0.0,-0.025,0.025,10.72,-0.0184,55968.0,0.0412,0.0,0.0,55148.0,0.0354,0.48410000000000003,0.48400000000000004,0.0,0.028,0.0,-0.184,10.265
51841991,1,0,0.1,-0.003,-0.024,0.038,0.0,-0.0235,0.0235,10.75,-0.0182,55760.0,0.038700000000000005,0.0,4478.0,55352.0,0.0332,0.48410000000000003,0.48400000000000004,0.0,0.028,0.0,-0.419,10.265
51843995,1,0,-0.024,-0.094,0.024,0.038,0.0,-0.024200000000000003,0.024200000000000003,10.75,-0.0181,55968.0,0.038700000000000005,0.0,6482.0,54944.0,0.0342,0.48410000000000003,0.48400000000000004,0.0,0.028,0.0,-0.06,10.265
51848549,1,0,0.089,0.054,-0.022,0.037,0.0,-0.0245,0.0245,10.75,-0.018000000000000002,55968.0,0.0413,0.0,11036.0,55148.0,0.0347,0.48410000000000003,0.48400000000000004,0.0,0.021,0.0,-0.052000000000000005,10.281
51853552,1,0,-0.084,-0.056,0.033,0.037,0.0,-0.024800000000000003,0.024800000000000003,10.75,-0.0177,55968.0,0.0413,0.0,16039.0,55352.0,0.035,0.48410000000000003,0.48400000000000004,0.0,0.021,0.0,0.268,10.281
51858004,1,0,0.062,-0.045,-0.004,0.037,0.0,-0.0252,0.0252,10.75,-0.0176,56180.0,0.0413,0.0,0.0,55148.0,0.0357,0.4837,0.48300000000000004,0.0,0.009000000000000001,0.0,-0.234,10.281
51860005,1,0,-0.07,-0.08,0.028,0.036000000000000004,0.0,-0.0229,0.0228,10.75,-0.0175,56392.0,0.038700000000000005,0.0,2001.0,55148.0,0.0323,0.4837,0.48300000000000004,0.0,0.009000000000000001,0.0,0.20500000000000002,10.281
51864046,1,0,0.1,0.036000000000000004,-0.029,0.036000000000000004,0.0,-0.0246,0.0246,10.75,-0.0175,56392.0,0.0413,0.0,6042.0,55148.0,0.034800000000000005,0.4837,0.48300000000000004,0.0,0.009000000000000001,0.0,-0.21,10.281
51868716,1,0,-0.053,-0.056,0.018000000000000002,0.036000000000000004,0.0,-0.0216,0.0216,10.75,-0.017400000000000002,56180.0,0.0362,0.0,10712.0,55148.0,0.030600000000000002,0.48350000000000004,0.48300000000000004,0.0,0.002,0.0,0.268,10.232000000000001
51874053,1,0,0.007,-0.073,0.016,0.036000000000000004,0.0,-0.0221,0.0221,10.75,-0.0171,55968.0,0.0362,0.0,16049.0,55148.0,0.031200000000000002,0.48350000000000004,0.48300000000000004,0.0,0.002,0.0,-0.085,10.232000000000001
51876065,1,0,-0.036000000000000004,-0.034,0.017,0.036000000000000004,0.0,-0.0216,0.0216,10.75,-0.0171,55968.0,0.0362,0.0,0.0,55148.0,0.030500000000000003,0.4833,0.48300000000000004,0.0,-0.001,0.0,0.25,10.232000000000001
51880550,1,0,0.093,-0.033,-0.013000000000000001,0.035,0.0,-0.021,0.021,10.75,-0.016900000000000002,56180.0,0.033600000000000005,0.0,4485.0,55148.0,0.0297,0.4833,0.48300000000000004,0.0,-0.001,0.0,-0.387,10.232000000000001
51885085,1,0,0.038,0.022,-0.007,0.035,0.0,-0.023100000000000002,0.023100000000000002,10.75,-0.016900000000000002,56180.0,0.0388,0.0,9020.0,55352.0,0.0327,0.48250000000000004,0.48100000000000004,0.0,-0.017,0.0,-0.055,10.232000000000001
51889551,1,0,-0.008,-0.08,0.017,0.034,0.0,-0.0223,0.0223,10.76,-0.0166,56392.0,0.0362,0.0,13486.0,55148.0,0.0315,0.48250000000000004,0.48100000000000004,0.0,-0.017,0.0,-0.113,10.285
51892028,1,0,-0.019,0.012,-0.002,0.035,0.0,-0.0239,0.0239,10.76,-0.0166,55968.0,0.0388,0.0,15963.0,55352.0,0.033800000000000004,0.48250000000000004,0.48100000000000004,0.0,-0.017,0.0,0.154,10.285
51896118,1,0,0.024,-0.068,0.017,0.034,0.0,-0.0234,0.0234,10.76,-0.0164,55968.0,0.0388,0.0,0.0,55148.0,0.033100000000000004,0.4813,0.47900000000000004,0.0,-0.038,0.0,-0.258,10.285
51900551,1,0,0.007,0.02,-0.008,0.034,0.0,-0.023100000000000002,0.023100000000000002,10.76,-0.0166,55760.0,0.0388,0.0,4433.0,55148.0,0.0327,0.4813,0.47900000000000004,0.0,-0.038,0.0,0.131,10.285
51906124,1,0,-0.089,-0.035,0.02,0.034,0.0,-0.0211,0.0211,10.78,-0.0164,55760.0,0.0337,0.0,10006.0,55148.0,0.0298,0.4812,0.48100000000000004,0.0,-0.032,0.0,0.48,10.285
51908514,1,0,0.041,0.016,-0.011,0.034,0.0,-0.022500000000000003,0.022500000000000003,10.78,-0.0164,56180.0,0.0363,0.0,12396.0,55352.0,0.031900000000000005,0.4812,0.48100000000000004,0.0,-0.032,0.0,0.21,10.248
51912551,1,0,-0.029,-0.074,0.019,0.034,0.0,-0.0211,0.0211,10.78,-0.0162,55760.0,0.0337,0.0,16433.0,55148.0,0.0298,0.4812,0.48100000000000004,0.0,-0.032,0.0,0.079,10.248
51917551,1,0,0.107,-0.017,-0.022,0.033,0.0,-0.0219,0.0219,10.78,-0.0161,55968.0,0.0363,0.0,0.0,55148.0,0.031,0.4818,0.48300000000000004,0.0,-0.013000000000000001,0.0,-0.51,10.248
51920089,1,0,-0.052000000000000005,-0.053,0.015,0.033,0.0,-0.0233,0.0233,10.78,-0.016,55968.0,0.038900000000000004,0.0,2538.0,55148.0,0.0329,0.4818,0.48300000000000004,0.0,-0.013000000000000001,0.0,-0.044,10.248
51924089,1,0,0.115,-0.012,-0.017,0.033,0.0,-0.0213,0.0213,10.78,-0.0159,56180.0,0.0363,0.0,6538.0,55148.0,0.030100000000000002,0.4818,0.48300000000000004,0.0,-0.013000000000000001,0.0,-0.057,10.248
51928550,1,0,-0.08,-0.032,-0.001,0.033,0.0,-0.0247,0.0247,10.78,-0.0158,55968.0,0.0415,0.0,10999.0,55148.0,0.0349,0.4822,0.48300000000000004,0.0,-0.002,0.0,0.325,10.24
51933513,1,0,0.081,-0.043000000000000003,-0.011,0.032,0.0,-0.0222,0.0222,10.78,-0.0155,56180.0,0.0363,0.0,15962.0,55352.0,0.031400000000000004,0.4822,0.48300000000000004,0.0,-0.002,0.0,-0.155,10.24
51938060,1,0,0.048,-0.001,-0.013000000000000001,0.032,0.0,-0.024900000000000002,0.024900000000000002,10.78,-0.015600000000000001,56604.0,0.0415,0.0,0.0,55148.0,0.0352,0.48250000000000004,0.48300000000000004,0.0,0.004,0.0,0.147,10.24
51940102,1,0,0.1,-0.034,-0.023,0.032,0.0,-0.0241,0.0241,10.78,-0.0154,56180.0,0.038900000000000004,0.0,2042.0,55556.0,0.0341,0.48250000000000004,0.48300000000000004,0.0,0.004,0.0,-0.176,10.24
51944106,1,0,-0.075,-0.008,0.01,0.032,0.0,-0.0229,0.0229,10.78,-0.0155,55760.0,0.038900000000000004,0.0,6046.0,55352.0,0.0324,0.48250000000000004,0.48300000000000004,0.0,0.004,0.0,0.386,10.24
51948550,1,0,0.082,-0.039,-0.01,0.032,0.0,-0.0221,0.0221,10.790000000000001,-0.015300000000000001,55968.0,0.0363,0.0,10490.0,55352.0,0.0313,0.4827,0.48300000000000004,0.0,0.006,0.0,-0.107,10.275
51953513,1,0,0.057,-0.009000000000000001,0.001,0.032,0.0,-0.0211,0.0211,10.790000000000001,-0.015300000000000001,56392.0,0.0337,0.0,15453.0,55352.0,0.0298,0.4827,0.48300000000000004,0.0,0.006,0.0,0.14400000000000002,10.275
51957551,1,0,-0.029,-0.04,0.004,0.031,0.0,-0.0219,0.0219,10.790000000000001,-0.0151,56180.0,0.0363,0.0,0.0,55148.0,0.031,0.4824,0.48200000000000004,0.0,0.0,0.0,0.053,10.275
51960117,1,0,0.035,0.001,0.017,0.031,0.0,-0.021500000000000002,0.021500000000000002,10.790000000000001,-0.0151,56392.0,0.0363,0.0,2566.0,55148.0,0.0304,0.4824,0.48200000000000004,0.0,0.0,0.0,0.28,10.275
51964137,1,0,0.017,-0.029,-0.006,0.031,0.0,-0.0227,0.0227,10.790000000000001,-0.0148,56180.0,0.0363,0.0,6586.0,55148.0,0.032100000000000004,0.4824,0.48200000000000004,0.0,0.0,0.0,-0.055,10.275
51968640,1,0,0.07,-0.005,-0.001,0.031,0.0,-0.022500000000000003,0.022500000000000003,10.81,-0.0148,56180.0,0.0364,0.0,11089.0,55148.0,0.0318,0.48160000000000003,0.48000000000000004,0.0,-0.017,0.0,0.149,10.275
51973512,1,0,-0.062,-0.016,0.004,0.03,0.0,-0.023100000000000002,0.023100000000000002,10.81,-0.0145,56180.0,0.039,0.0,15961.0,55148.0,0.0327,0.48160000000000003,0.48000000000000004,0.0,-0.017,0.0,0.41200000000000003,10.248
51978128,1,0,0.094,-0.01,-0.013000000000000001,0.03,0.0,-0.0229,0.0229,10.81,-0.0142,55968.0,0.039,0.0,0.0,55352.0,0.0324,0.48140000000000005,0.48100000000000004,0.0,-0.018000000000000002,0.0,-0.067,10.248
51980131,1,0,-0.047,-0.012,-0.007,0.03,0.0,-0.023100000000000002,0.023100000000000002,10.81,-0.0142,56180.0,0.039,0.0,2003.0,55352.0,0.0327,0.48140000000000005,0.48100000000000004,0.0,-0.018000000000000002,0.0,0.139,10.248
51984132,1,0,0.105,0.002,-0.009000000000000001,0.029,0.0,-0.0239,0.0239,10.81,-0.014100000000000001,56180.0,0.039,0.0,6004.0,55352.0,0.033800000000000004,0.48140000000000005,0.48100000000000004,0.0,-0.018000000000000002,0.0,-0.111,10.248
51988550,1,0,-0.07,-0.011,-0.007,0.029,0.0,-0.023100000000000002,0.023100000000000002,10.81,-0.014100000000000001,56392.0,0.039,0.0,10422.0,55352.0,0.0327,0.4812,0.48100000000000004,0.0,-0.017,0.0,0.007,10.248
51993514,1,0,0.093,-0.002,-0.012,0.029,0.0,-0.0222,0.0222,10.82,-0.013900000000000001,56180.0,0.0364,0.0,15386.0,55352.0,0.031400000000000004,0.4812,0.48100000000000004,0.0,-0.017,0.0,-0.298,10.239
51997550,1,0,-0.031,-0.015,0.025,0.029,0.0,-0.022000000000000002,0.022000000000000002,10.82,-0.014100000000000001,55968.0,0.0364,0.0,0.0,55352.0,0.031100000000000003,0.4808,0.48000000000000004,0.0,-0.022,0.0,0.017,10.239
52000008,1,0,0.109,0.001,0.016,0.029,0.0,-0.0218,0.0218,10.82,-0.013900000000000001,56180.0,0.0364,0.0,2458.0,55352.0,0.0308,0.4808,0.48000000000000004,0.0,-0.022,0.0,-0.223,10.239
52004148,1,0,-0.062,-0.014,0.011,0.029,0.0,-0.0236,0.0235,10.82,-0.013900000000000001,56180.0,0.039,0.0,6598.0,55556.0,0.0333,0.4808,0.48000000000000004,0.0,-0.022,0.0,0.063,10.239
52008512,1,0,0.095,0.01,-0.003,0.028,0.0,-0.024,0.024,10.82,-0.013600000000000001,55760.0,0.039,0.0,10962.0,55352.0,0.0339,0.4798,0.47800000000000004,0.0,-0.037,0.0,-0.26,10.239
52012514,1,0,-0.055,-0.021,0.028,0.028,0.0,-0.024300000000000002,0.024300000000000002,10.82,-0.0137,56392.0,0.039,0.0,14964.0,54944.0,0.0344,0.4798,0.47800000000000004,0.0,-0.037,0.0,0.026000000000000002,10.282
52017158,1,0,-0.014,0.004,-0.009000000000000001,0.028,0.0,-0.025,0.025,10.82,-0.0135,56180.0,0.041600000000000005,0.0,0.0,54944.0,0.0354,0.4802,0.48100000000000004,0.0,-0.022,0.0,-0.308,10.282
52021206,1,0,0.04,-0.011,0.022,0.028,0.0,-0.0244,0.0244,10.82,-0.0135,56180.0,0.041600000000000005,0.0,4048.0,55148.0,0.0345,0.4802,0.48100000000000004,0.0,-0.022,0.0,-0.186,10.282
52025512,1,0,-0.053,-0.003,-0.012,0.028,0.0,-0.0252,0.0252,10.82,-0.0135,56180.0,0.041600000000000005,0.0,8354.0,55148.0,0.0356,0.4812,0.48300000000000004,0.0,0.002,0.0,-0.358,10.282
52030166,1,0,0.082,0.016,-0.003,0.028,0.0,-0.025,0.025,10.84,-0.013600000000000001,56392.0,0.0417,0.0,13008.0,55352.0,0.035300000000000005,0.4812,0.48300000000000004,0.0,0.002,0.0,-0.437,10.282
52032296,1,0,-0.01,0.019,-0.019,0.028,0.0,-0.025,0.025,10.84,-0.0137,55968.0,0.0417,0.0,15138.0,55148.0,0.035300000000000005,0.4812,0.48300000000000004,0.0,0.002,0.0,-0.40900000000000003,10.282
52036512,1,0,0.02,-0.023,0.021,0.029,0.0,-0.025500000000000002,0.025500000000000002,10.84,-0.0137,56392.0,0.0417,0.0,0.0,55352.0,0.036000000000000004,0.4818,0.48300000000000004,0.0,0.014,0.0,-0.045,10.234
52041220,1,0,-0.062,-0.032,-0.008,0.029,0.0,-0.023200000000000002,0.023200000000000002,10.84,-0.013800000000000002,56392.0,0.0391,0.0,4708.0,55352.0,0.0328,0.4818,0.48300000000000004,0.0,0.014,0.0,-0.076,10.234
52046224,1,0,0.047,0.024,-0.021,0.028,0.0,-0.0235,0.0235,10.84,-0.013600000000000001,55968.0,0.0391,0.0,9712.0,55352.0,0.0332,0.48190000000000005,0.48200000000000004,0.0,0.013000000000000001,0.0,-0.28300000000000003,10.234
52048512,1,0,-0.07,-0.021,-0.005,0.028,0.0,-0.0251,0.0251,10.84,-0.0137,56180.0,0.0417,0.0,12000.0,55352.0,0.035500000000000004,0.48190000000000005,0.48200000000000004,0.0,0.013000000000000001,0.0,-0.161,10.234
52053511,1,0,0.098,0.004,-0.018000000000000002,0.028,0.0,-0.020800000000000003,0.0207,10.85,-0.0134,56392.0,0.0339,0.0,16999.0,54944.0,0.029300000000000003,0.48190000000000005,0.48200000000000004,0.0,0.013000000000000001,0.0,-0.193,10.267
52057512,1,0,-0.056,-0.065,0.019,0.028,0.0,-0.0246,0.0246,10.85,-0.0134,56392.0,0.0417,0.0,0.0,55352.0,0.034800000000000005,0.48160000000000003,0.48100000000000004,0.0,0.004,0.0,0.005,10.267
52060186,1,0,0.094,0.001,-0.005,0.027,0.0,-0.0253,0.0253,10.85,-0.0132,56180.0,0.0417,0.0,2674.0,55352.0,0.0358,0.48160000000000003,0.48100000000000004,0.0,0.004,0.0,-0.16,10.267
52064318,1,0,-0.058,-0.056,0.015,0.028,0.0,-0.0229,0.0229,10.85,-0.0132,56392.0,0.0391,0.0,6806.0,55352.0,0.0324,0.48160000000000003,0.48100000000000004,0.0,0.004,0.0,-0.097,10.267
52068679,1,0,0.078,0.014,-0.007,0.027,0.0,-0.023700000000000002,0.023700000000000002,10.85,-0.0131,56180.0,0.0391,0.0,11167.0,55352.0,0.0335,0.4807,0.47900000000000004,0.0,-0.015,0.0,-0.186,10.267
52073511,1,0,-0.007,-0.073,0.031,0.027,0.0,-0.0218,0.0218,10.85,-0.013000000000000001,56392.0,0.036500000000000005,0.0,15999.0,55352.0,0.0308,0.4807,0.47900000000000004,0.0,-0.015,0.0,0.05,10.283
52076246,1,0,0.061,0.021,-0.016,0.027,0.0,-0.022500000000000003,0.022500000000000003,10.85,-0.0129,55968.0,0.036500000000000005,0.0,0.0,55352.0,0.031900000000000005,0.4808,0.48100000000000004,0.0,-0.01,0.0,-0.176,10.283
52080512,1,0,-0.025,-0.081,0.034,0.027,0.0,-0.0219,0.0219,10.85,-0.0129,56392.0,0.036500000000000005,0.0,4266.0,55352.0,0.031,0.4808,0.48100000000000004,0.0,-0.01,0.0,0.039,10.283
52084513,1,0,0.046,0.028,-0.022,0.027,0.0,-0.022500000000000003,0.022500000000000003,10.85,-0.0128,56180.0,0.036500000000000005,0.0,8267.0,55148.0,0.031900000000000005,0.4808,0.48100000000000004,0.0,-0.01,0.0,-0.17500000000000002,10.283
52089207,1,0,0.044,-0.056,0.012,0.026000000000000002,0.0,-0.0198,0.0198,10.85,-0.0126,56180.0,0.0339,0.0,12961.0,55148.0,0.028,0.4812,0.48200000000000004,0.0,0.001,0.0,0.124,10.283
52093513,1,0,-0.006,-0.029,-0.005,0.026000000000000002,0.0,-0.021,0.021,10.870000000000001,-0.0126,56180.0,0.034,0.0,17267.0,55148.0,0.0297,0.4812,0.48200000000000004,0.0,0.001,0.0,-0.085,10.228
52098214,1,0,0.082,0.015,-0.03,0.025,0.0,-0.0201,0.0201,10.870000000000001,-0.0122,56392.0,0.034,0.0,0.0,55352.0,0.0285,0.4822,0.48400000000000004,0.0,0.02,0.0,-0.15,10.228
52100216,1,0,0.015,-0.009000000000000001,-0.027,0.025,0.0,-0.0206,0.0206,10.870000000000001,-0.0122,56180.0,0.034,0.0,2002.0,55352.0,0.0291,0.4822,0.48400000000000004,0.0,0.02,0.0,-0.231,10.228
52104218,1,0,0.051000000000000004,-0.048,0.002,0.025,0.0,-0.0217,0.0217,10.870000000000001,-0.012,56604.0,0.0366,0.0,6004.0,55352.0,0.030600000000000002,0.4822,0.48400000000000004,0.0,0.02,0.0,0.14200000000000002,10.228
52108512,1,0,0.011,-0.042,-0.017,0.025,0.0,-0.0195,0.0195,10.870000000000001,-0.0118,56180.0,0.031400000000000004,0.0,10298.0,55352.0,0.027600000000000003,0.4832,0.48500000000000004,0.0,0.036000000000000004,0.0,-0.082,10.228
52113511,1,0,0.082,0.04,-0.03,0.024,0.0,-0.022600000000000002,0.022600000000000002,10.870000000000001,-0.0115,56180.0,0.0366,0.0,15297.0,55352.0,0.032,0.4832,0.48500000000000004,0.0,0.036000000000000004,0.0,-0.127,10.228
52118681,1,0,0.013000000000000001,-0.097,0.026000000000000002,0.023,0.0,-0.0189,0.0189,10.88,-0.011300000000000001,56392.0,0.031400000000000004,0.0,0.0,55352.0,0.0267,0.48350000000000004,0.48400000000000004,0.0,0.034,0.0,0.19,10.227
52121276,1,0,0.095,0.052000000000000005,-0.039,0.023,0.0,-0.019100000000000002,0.019100000000000002,10.88,-0.0111,56604.0,0.031400000000000004,0.0,2595.0,55352.0,0.027,0.48350000000000004,0.48400000000000004,0.0,0.034,0.0,-0.084,10.227
52126282,1,0,0.031,-0.081,0.034,0.023,0.0,-0.0194,0.0194,10.88,-0.0108,56180.0,0.031400000000000004,0.0,7601.0,55148.0,0.0275,0.4833,0.48300000000000004,0.0,0.024,0.0,0.185,10.227
52128365,1,0,0.091,0.03,-0.02,0.022,0.0,-0.0187,0.0187,10.88,-0.0108,56180.0,0.031400000000000004,0.0,9684.0,55148.0,0.026500000000000003,0.4833,0.48300000000000004,0.0,0.024,0.0,-0.11800000000000001,10.227
52132512,1,0,0.011,-0.082,0.041,0.022,0.0,-0.019700000000000002,0.019700000000000002,10.88,-0.010700000000000001,56392.0,0.034,0.0,13831.0,55352.0,0.027800000000000002,0.4833,0.48300000000000004,0.0,0.024,0.0,-0.018000000000000002,10.227
52137242,1,0,0.081,0.033,-0.031,0.022,0.0,-0.018000000000000002,0.018000000000000002,10.88,-0.0105,56180.0,0.028800000000000003,0.0,0.0,55556.0,0.025500000000000002,0.4842,0.48600000000000004,0.0,0.038,0.0,-0.271,10.232000000000001
52141288,1,0,0.027,-0.077,0.042,0.021,0.0,-0.0179,0.0179,10.88,-0.0102,56180.0,0.028800000000000003,0.0,4046.0,55352.0,0.0253,0.4842,0.48600000000000004,0.0,0.038,0.0,0.20400000000000001,10.232000000000001
52146294,1,0,0.038,-0.057,0.005,0.021,0.0,-0.016900000000000002,0.016900000000000002,10.88,-0.0099,56180.0,0.028800000000000003,0.0,9052.0,55148.0,0.0239,0.48560000000000003,0.48800000000000004,0.0,0.057,0.0,0.008,10.232000000000001
52148512,1,0,0.015,-0.092,0.043000000000000003,0.02,0.0,-0.0171,0.0171,10.88,-0.0097,56392.0,0.028800000000000003,0.0,11270.0,55556.0,0.024200000000000003,0.48560000000000003,0.48800000000000004,0.0,0.057,0.0,0.28400000000000003,10.232000000000001
52153251,1,0,0.05,-0.029,-0.014,0.02,0.0,-0.0173,0.0173,10.9,-0.0095,56392.0,0.028800000000000003,0.0,16009.0,55352.0,0.0245,0.48560000000000003,0.48800000000000004,0.0,0.057,0.0,-0.084,10.232000000000001
52157511,1,0,0.033,-0.02,-0.011,0.019,0.0,-0.017,0.017,10.91,-0.0091,56180.0,0.028800000000000003,0.0,0.0,55352.0,0.0241,0.4857,0.48600000000000004,0.0,0.049,0.0,0.261,10.27
52162259,1,0,0.002,-0.114,0.028,0.018000000000000002,0.0,-0.015600000000000001,0.015600000000000001,10.91,-0.0089,56392.0,0.0262,0.0,4748.0,55148.0,0.022000000000000002,0.4857,0.48600000000000004,0.0,0.049,0.0,0.192,10.27
52164303,1,0,0.008,-0.057,0.022,0.018000000000000002,0.0,-0.0155,0.0155,10.91,-0.008700000000000001,56180.0,0.0262,0.0,6792.0,55352.0,0.0219,0.4857,0.48600000000000004,0.0,0.049,0.0,0.318,10.27
52168681,1,0,0.028,-0.031,-0.021,0.018000000000000002,0.0,-0.0183,0.0183,10.91,-0.008700000000000001,56180.0,0.031400000000000004,0.0,11170.0,55352.0,0.025900000000000003,0.4848,0.48300000000000004,0.0,0.02,0.0,-0.215,10.27
52173511,1,0,0.035,0.033,-0.034,0.018000000000000002,0.0,-0.017400000000000002,0.017400000000000002,10.91,-0.0086,55968.0,0.028800000000000003,0.0,16000.0,55352.0,0.0246,0.4848,0.48300000000000004,0.0,0.02,0.0,-0.219,10.27
52178274,1,0,-0.041,-0.099,0.047,0.018000000000000002,0.0,-0.0184,0.0184,10.91,-0.0086,56392.0,0.0315,0.0,0.0,55352.0,0.026000000000000002,0.48410000000000003,0.48300000000000004,0.0,0.004,0.0,0.167,10.247
52180275,1,0,0.01,0.003,-0.007,0.018000000000000002,0.0,-0.0172,0.0172,10.91,-0.0086,56392.0,0.028800000000000003,0.0,2001.0,55352.0,0.0244,0.48410000000000003,0.48300000000000004,0.0,0.004,0.0,0.14300000000000002,10.247
52184277,1,0,-0.021,-0.059000000000000004,0.024,0.018000000000000002,0.0,-0.019100000000000002,0.019100000000000002,10.91,-0.0086,56392.0,0.0315,0.0,6003.0,55556.0,0.027,0.48410000000000003,0.48300000000000004,0.0,0.004,0.0,0.019,10.247
52188512,1,0,0.035,0.033,-0.011,0.018000000000000002,0.0,-0.0173,0.0173,10.91,-0.0086,56392.0,0.028800000000000003,0.0,10238.0,55556.0,0.0245,0.4837,0.48300000000000004,0.0,-0.005,0.0,0.021,10.247
52194288,1,0,-0.013000000000000001,-0.015,0.03,0.018000000000000002,0.0,-0.0181,0.0181,10.91,-0.0085,56392.0,0.0315,0.0,16014.0,55556.0,0.0256,0.4837,0.48300000000000004,0.0,-0.005,0.0,0.093,10.247
52196344,1,0,0.07200000000000001,0.053,-0.038,0.018000000000000002,0.0,-0.0177,0.0177,10.91,-0.0085,56180.0,0.028800000000000003,0.0,0.0,55352.0,0.025,0.48350000000000004,0.48300000000000004,0.0,-0.009000000000000001,0.0,-0.278,10.282
52201333,1,0,-0.039,-0.047,0.043000000000000003,0.017,0.0,-0.0173,0.0173,10.91,-0.0082,56392.0,0.028800000000000003,0.0,4989.0,55556.0,0.0245,0.48350000000000004,0.48300000000000004,0.0,-0.009000000000000001,0.0,0.137,10.282
52206337,1,0,0.023,-0.049,-0.01,0.017,0.0,-0.02,0.02,10.91,-0.0081,56392.0,0.0341,0.0,9993.0,55352.0,0.028300000000000002,0.4833,0.48300000000000004,0.0,-0.011,0.0,-0.311,10.282
52208511,1,0,-0.054,-0.068,0.025,0.017,0.0,-0.019,0.019,10.91,-0.0079,56180.0,0.0315,0.0,12167.0,55352.0,0.0269,0.4833,0.48300000000000004,0.0,-0.011,0.0,0.159,10.282
52213510,1,0,0.056,-0.028,-0.023,0.016,0.0,-0.0183,0.0183,10.93,-0.0079,56392.0,0.0315,0.0,17166.0,55556.0,0.025900000000000003,0.4833,0.48300000000000004,0.0,-0.011,0.0,-0.307,10.282
52218687,1,0,0.034,0.049,-0.016,0.016,0.0,-0.0181,0.0181,10.91,-0.0078000000000000005,56604.0,0.0315,0.0,0.0,55556.0,0.0256,0.4829,0.48200000000000004,0.0,-0.018000000000000002,0.0,0.039,10.306000000000001
52221346,1,0,0.035,-0.051000000000000004,0.003,0.016,0.0,-0.0183,0.0183,10.94,-0.0077,56180.0,0.0315,0.0,2659.0,55352.0,0.025900000000000003,0.4829,0.48200000000000004,0.0,-0.018000000000000002,0.0,0.015,10.306000000000001
52226351,1,0,0.066,0.051000000000000004,-0.018000000000000002,0.016,0.0,-0.0161,0.0161,10.94,-0.0077,56180.0,0.0263,0.0,7664.0,55556.0,0.0228,0.4822,0.48100000000000004,0.0,-0.027,0.0,-0.002,10.306000000000001
52228516,1,0,0.05,-0.011,0.006,0.016,0.0,-0.018600000000000002,0.018600000000000002,10.94,-0.0076,56180.0,0.0315,0.0,9829.0,55556.0,0.0264,0.4822,0.48100000000000004,0.0,-0.027,0.0,-0.192,10.306000000000001
52233511,1,0,0.048,0.014,-0.012,0.016,0.0,-0.015600000000000001,0.015600000000000001,10.94,-0.0077,56392.0,0.0263,0.0,14824.0,55352.0,0.0221,0.4822,0.48100000000000004,0.0,-0.027,0.0,-0.033,10.306000000000001
52238312,1,0,-0.058,-0.079,0.054,0.015,0.0,-0.0165,0.0165,10.94,-0.007500000000000001,56392.0,0.0263,0.0,0.0,55556.0,0.0233,0.48250000000000004,0.48300000000000004,0.0,-0.016,0.0,0.154,10.32
52240314,1,0,0.005,0.002,0.018000000000000002,0.016,0.0,-0.0183,0.0183,10.94,-0.007500000000000001,56392.0,0.0316,0.0,2002.0,55760.0,0.025900000000000003,0.48250000000000004,0.48300000000000004,0.0,-0.016,0.0,0.077,10.32
52244361,1,0,-0.004,-0.089,0.027,0.015,0.0,-0.016300000000000002,0.016300000000000002,10.94,-0.007200000000000001,56392.0,0.0263,0.0,6049.0,55556.0,0.023,0.48250000000000004,0.48300000000000004,0.0,-0.016,0.0,-0.139,10.32
52248511,1,0,0.028,0.038,-0.008,0.015,0.0,-0.0198,0.0198,10.94,-0.007200000000000001,56392.0,0.0342,0.0,10199.0,55352.0,0.028,0.48300000000000004,0.48400000000000004,0.0,-0.002,0.0,-0.199,10.32
52253509,1,0,-0.051000000000000004,-0.064,0.033,0.015,0.0,-0.0173,0.0173,10.94,-0.007,56392.0,0.028900000000000002,0.0,15197.0,55556.0,0.0245,0.48300000000000004,0.48400000000000004,0.0,-0.002,0.0,0.113,10.32
52258328,1,0,0.042,-0.059000000000000004,-0.018000000000000002,0.014,0.0,-0.017400000000000002,0.017400000000000002,10.94,-0.007,56392.0,0.028900000000000002,0.0,0.0,55556.0,0.0245,0.4834,0.48400000000000004,0.0,0.005,0.0,-0.153,10.287
52260329,1,0,-0.061,-0.08700000000000001,0.015,0.014,0.0,-0.0183,0.0183,10.94,-0.006900000000000001,56392.0,0.0316,0.0,2001.0,55352.0,0.025900000000000003,0.4834,0.48400000000000004,0.0,0.005,0.0,0.20700000000000002,10.287
52264510,1,0,0.09,0.038,-0.029,0.014,0.0,-0.0189,0.0189,10.94,-0.006900000000000001,56604.0,0.0316,0.0,6182.0,55556.0,0.0267,0.4834,0.48400000000000004,0.0,0.005,0.0,-0.233,10.287
52268687,1,0,-0.051000000000000004,-0.07,0.004,0.014,0.0,-0.017,0.017,10.94,-0.0067,56392.0,0.028900000000000002,0.0,10359.0,55760.0,0.024,0.48360000000000003,0.48400000000000004,0.0,0.008,0.0,0.186,10.287
52273512,1,0,0.055,-0.026000000000000002,-0.024,0.014,0.0,-0.020800000000000003,0.020800000000000003,10.94,-0.0067,56180.0,0.0342,0.0,15184.0,55556.0,0.029400000000000003,0.48360000000000003,0.48400000000000004,0.0,0.008,0.0,-0.273,10.287
52276387,1,0,-0.037,-0.041,0.003,0.014,0.0,-0.0184,0.0184,10.94,-0.0066,56392.0,0.0316,0.0,0.0,55556.0,0.026000000000000002,0.4834,0.48300000000000004,0.0,0.003,0.0,0.097,10.287
52280510,1,0,0.077,-0.007,-0.014,0.014,0.0,-0.0183,0.0183,10.950000000000001,-0.006500000000000001,56392.0,0.0316,0.0,4123.0,55556.0,0.025900000000000003,0.4834,0.48300000000000004,0.0,0.003,0.0,-0.493,10.185
52284510,1,0,-0.031,-0.002,0.004,0.013000000000000001,0.0,-0.0213,0.0213,10.97,-0.006500000000000001,56604.0,0.0369,0.0,8123.0,55556.0,0.0302,0.4834,0.48300000000000004,0.0,0.003,0.0,-0.016,10.185
52290350,1,0,-0.026000000000000002,-0.048,0.027,0.013000000000000001,0.0,-0.0189,0.0189,10.97,-0.0064,56392.0,0.0316,0.0,13963.0,55556.0,0.0268,0.4829,0.48200000000000004,0.0,-0.008,0.0,-0.012,10.185
52292351,1,0,0.017,0.021,0.005,0.013000000000000001,0.0,-0.0183,0.0183,10.97,-0.0064,56604.0,0.0316,0.0,15964.0,55556.0,0.025900000000000003,0.4829,0.48200000000000004,0.0,-0.008,0.0,0.055,10.185
52296404,1,0,0.034,-0.04,0.016,0.013000000000000001,0.0,-0.0201,0.0201,10.97,-0.006200000000000001,56392.0,0.034300000000000004,0.0,0.0,55352.0,0.0284,0.4822,0.48100000000000004,0.0,-0.019,0.0,-0.321,10.185
52300509,1,0,0.054,0.046,-0.006,0.013000000000000001,0.0,-0.020200000000000003,0.020200000000000003,10.97,-0.0061,56180.0,0.034300000000000004,0.0,4105.0,55352.0,0.0285,0.4822,0.48100000000000004,0.0,-0.019,0.0,-0.11900000000000001,10.215
52304510,1,0,-0.004,-0.032,0.03,0.012,0.0,-0.021,0.021,10.97,-0.0059,56180.0,0.034300000000000004,0.0,8106.0,55556.0,0.0297,0.4822,0.48100000000000004,0.0,-0.019,0.0,-0.085,10.215
52308510,1,0,0.108,0.051000000000000004,-0.019,0.012,0.0,-0.019,0.019,10.97,-0.0058000000000000005,56392.0,0.0316,0.0,12106.0,55556.0,0.0269,0.4818,0.48100000000000004,0.0,-0.024,0.0,-0.03,10.215
52313509,1,0,-0.068,-0.006,0.016,0.012,0.0,-0.0193,0.0193,10.97,-0.0056,56604.0,0.0316,0.0,17105.0,55556.0,0.0273,0.4818,0.48100000000000004,0.0,-0.024,0.0,0.269,10.215
52317523,1,0,0.135,0.015,-0.019,0.011,0.0,-0.0205,0.0205,10.97,-0.0055000000000000005,56392.0,0.034300000000000004,0.0,0.0,55556.0,0.029,0.48190000000000005,0.48200000000000004,0.0,-0.018000000000000002,0.0,-0.342,10.215
52322386,1,0,0.005,0.054,-0.008,0.011,0.0,-0.020900000000000002,0.020900000000000002,10.97,-0.0055000000000000005,56392.0,0.034300000000000004,0.0,4863.0,55760.0,0.029500000000000002,0.48190000000000005,0.48200000000000004,0.0,-0.018000000000000002,0.0,-0.084,10.200000000000001
52324413,1,0,0.11,0.041,-0.026000000000000002,0.011,0.0,-0.0229,0.0229,10.97,-0.0054,56392.0,0.0396,0.0,6890.0,55556.0,0.0324,0.48190000000000005,0.48200000000000004,0.0,-0.018000000000000002,0.0,-0.424,10.200000000000001
52328509,1,0,-0.05,0.002,0.009000000000000001,0.011,0.0,-0.018500000000000003,0.0184,10.97,-0.0054,56604.0,0.0316,0.0,10986.0,55760.0,0.0261,0.4823,0.48300000000000004,0.0,-0.006,0.0,0.11800000000000001,10.200000000000001
52332509,1,0,0.078,0.015,-0.021,0.011,0.0,-0.021400000000000002,0.021400000000000002,10.97,-0.0054,56392.0,0.0369,0.0,14986.0,55556.0,0.0302,0.4823,0.48300000000000004,0.0,-0.006,0.0,-0.279,10.200000000000001
52336510,1,0,-0.047,0.004,0.005,0.011,0.0,-0.02,0.02,11.0,-0.0055000000000000005,56392.0,0.0344,0.0,0.0,55352.0,0.028200000000000003,0.48250000000000004,0.48300000000000004,0.0,0.0,0.0,0.20400000000000001,10.200000000000001
52341433,1,0,0.007,-0.008,0.01,0.011,0.0,-0.0211,0.0211,11.0,-0.0055000000000000005,56392.0,0.0344,0.0,4923.0,55556.0,0.0298,0.48250000000000004,0.48300000000000004,0.0,0.0,0.0,-0.149,10.200000000000001
52346436,1,0,0.064,0.02,-0.005,0.012,0.0,-0.0219,0.0219,11.0,-0.0056,56392.0,0.037000000000000005,0.0,9926.0,55556.0,0.031,0.48200000000000004,0.48100000000000004,0.0,-0.011,0.0,-0.126,10.191
52348510,1,0,0.022,-0.014,0.001,0.012,0.0,-0.0219,0.0219,11.0,-0.0055000000000000005,56392.0,0.037000000000000005,0.0,12000.0,55556.0,0.031,0.48200000000000004,0.48100000000000004,0.0,-0.011,0.0,-0.125,10.191
52354438,1,0,0.055,0.005,0.009000000000000001,0.012,0.0,-0.0234,0.0234,11.0,-0.0057,56180.0,0.0396,0.0,17928.0,55352.0,0.033100000000000004,0.48200000000000004,0.48100000000000004,0.0,-0.011,0.0,-0.013000000000000001,10.191
52356444,1,0,-0.032,-0.012,0.013000000000000001,0.012,0.0,-0.0244,0.0244,11.0,-0.0057,56392.0,0.042300000000000004,0.0,0.0,55760.0,0.0345,0.4806,0.47800000000000004,0.0,-0.036000000000000004,0.0,0.062,10.191
52361446,1,0,0.035,0.007,0.007,0.012,0.0,-0.024300000000000002,0.024300000000000002,11.0,-0.0059,56392.0,0.0396,0.0,5002.0,55352.0,0.0344,0.4806,0.47800000000000004,0.0,-0.036000000000000004,0.0,0.012,10.191
52366450,1,0,-0.107,0.006,0.013000000000000001,0.013000000000000001,0.0,-0.0244,0.0244,11.0,-0.0061,56604.0,0.042300000000000004,0.0,10006.0,55556.0,0.0345,0.4797,0.47800000000000004,0.0,-0.047,0.0,0.195,10.286
52368680,1,0,0.009000000000000001,0.002,0.0,0.013000000000000001,0.0,-0.0244,0.024300000000000002,11.0,-0.0061,56392.0,0.042300000000000004,0.0,12236.0,55352.0,0.0344,0.4797,0.47800000000000004,0.0,-0.047,0.0,0.057,10.286
52373508,1,0,-0.13,-0.005,0.005,0.013000000000000001,0.0,-0.0247,0.0247,11.0,-0.006200000000000001,56392.0,0.042300000000000004,0.0,17064.0,55556.0,0.0349,0.4797,0.47800000000000004,0.0,-0.047,0.0,0.225,10.286
52377508,1,0,0.023,-0.026000000000000002,-0.005,0.013000000000000001,0.0,-0.0245,0.0244,11.0,-0.0063,56816.0,0.042300000000000004,0.0,0.0,55556.0,0.0346,0.4787,0.47700000000000004,0.0,-0.057,0.0,-0.155,10.286
52381509,1,0,-0.10400000000000001,-0.005,0.009000000000000001,0.014,0.0,-0.024200000000000003,0.024200000000000003,11.0,-0.006500000000000001,56392.0,0.0396,0.0,4001.0,55556.0,0.0342,0.4787,0.47700000000000004,0.0,-0.057,0.0,0.131,10.286
52386465,1,0,-0.042,-0.018000000000000002,-0.019,0.014,0.0,-0.024300000000000002,0.024300000000000002,11.0,-0.006500000000000001,56392.0,0.0397,0.0,8957.0,55556.0,0.0344,0.4781,0.47700000000000004,0.0,-0.058,0.0,-0.009000000000000001,10.301
52388508,1,0,-0.107,-0.012,-0.001,0.014,0.0,-0.0241,0.0241,11.0,-0.0067,56604.0,0.0397,0.0,11000.0,55556.0,0.0341,0.4781,0.47700000000000004,0.0,-0.058,0.0,0.192,10.301
52393436,1,0,-0.012,-0.014,-0.006,0.014,0.0,-0.0256,0.0256,11.0,-0.0067,56180.0,0.042300000000000004,0.0,15928.0,55556.0,0.0361,0.4781,0.47700000000000004,0.0,-0.058,0.0,-0.11,10.301
52397510,1,0,-0.044,0.003,0.013000000000000001,0.014,0.0,-0.0275,0.0274,11.03,-0.006900000000000001,56604.0,0.045000000000000005,0.0,0.0,55352.0,0.0388,0.4777,0.47700000000000004,0.0,-0.054,0.0,0.114,10.301
52400428,1,0,0.027,0.0,-0.004,0.014,0.0,-0.026600000000000002,0.026600000000000002,11.03,-0.0068000000000000005,56392.0,0.045000000000000005,0.0,2918.0,55556.0,0.0376,0.4777,0.47700000000000004,0.0,-0.054,0.0,-0.129,10.301
52404475,1,0,-0.065,0.007,0.01,0.015,0.0,-0.0258,0.0258,11.03,-0.007,56392.0,0.0424,0.0,6965.0,55556.0,0.036500000000000005,0.4777,0.47700000000000004,0.0,-0.054,0.0,0.179,10.231
52408508,1,0,-0.004,0.017,-0.006,0.014,0.0,-0.0275,0.0275,11.03,-0.006900000000000001,56604.0,0.046400000000000004,0.0,10998.0,55556.0,0.038900000000000004,0.4782,0.47900000000000004,0.0,-0.034,0.0,-0.115,10.231
52412509,1,0,-0.019,0.014,0.015,0.015,0.0,-0.0262,0.0262,11.03,-0.007200000000000001,56604.0,0.045000000000000005,0.0,14999.0,55352.0,0.037000000000000005,0.4782,0.47900000000000004,0.0,-0.034,0.0,0.073,10.231
52418697,1,0,-0.11,0.014,0.005,0.015,0.0,-0.027100000000000003,0.027,11.03,-0.0073,56604.0,0.045000000000000005,0.0,0.0,55352.0,0.038200000000000005,0.4792,0.48100000000000004,0.0,-0.008,0.0,0.059000000000000004,10.231
52421491,1,0,0.111,0.021,0.006,0.015,0.0,-0.024800000000000003,0.024800000000000003,11.03,-0.007200000000000001,56180.0,0.0424,0.0,2794.0,55760.0,0.0351,0.4792,0.48100000000000004,0.0,-0.008,0.0,-0.121,10.231
52426501,1,0,-0.08700000000000001,0.014,0.007,0.015,0.0,-0.0269,0.0269,11.03,-0.0074,56816.0,0.0451,0.0,7804.0,55556.0,0.038,0.4802,0.48200000000000004,0.0,0.014,0.0,0.132,10.246
52428509,1,0,0.069,0.034,0.013000000000000001,0.015,0.0,-0.029400000000000003,0.029400000000000003,11.03,-0.0074,56392.0,0.0504,0.0,9812.0,55556.0,0.041600000000000005,0.4802,0.48200000000000004,0.0,0.014,0.0,-0.007,10.246
52433508,1,0,-0.065,0.002,0.001,0.016,0.0,-0.0241,0.0241,11.03,-0.007500000000000001,56604.0,0.0398,0.0,14811.0,55556.0,0.034,0.4802,0.48200000000000004,0.0,0.014,0.0,-0.009000000000000001,10.246
52437509,1,0,0.091,0.048,-0.005,0.015,0.0,-0.029500000000000002,0.029500000000000002,11.03,-0.0074,56180.0,0.0504,0.0,0.0,55760.0,0.041800000000000004,0.4808,0.48200000000000004,0.0,0.024,0.0,-0.226,10.246
52442460,1,0,-0.002,-0.001,0.003,0.016,0.0,-0.027600000000000003,0.027600000000000003,11.03,-0.007500000000000001,56392.0,0.0477,0.0,4951.0,55556.0,0.039,0.4808,0.48200000000000004,0.0,0.024,0.0,0.034,10.246
52444504,1,0,0.095,0.043000000000000003,-0.008,0.015,0.0,-0.027700000000000002,0.027600000000000003,11.03,-0.0074,56816.0,0.0477,0.0,6995.0,55760.0,0.0391,0.4808,0.48200000000000004,0.0,0.024,0.0,-0.197,10.246
52448595,1,0,-0.077,0.003,-0.005,0.016,0.0,-0.030100000000000002,0.030100000000000002,11.03,-0.0076,56604.0,0.0504,0.0,11086.0,55556.0,0.0426,0.48160000000000003,0.48300000000000004,0.0,0.034,0.0,-0.069,10.290000000000001
52454533,1,0,-0.024,0.031,-0.004,0.016,0.0,-0.0286,0.0286,11.03,-0.0076,56604.0,0.0477,0.0,17024.0,55556.0,0.040400000000000005,0.48210000000000003,0.48300000000000004,0.0,0.038,0.0,-0.281,10.290000000000001
52457470,1,0,-0.002,-0.015,0.021,0.016,0.0,-0.0269,0.0269,11.03,-0.0077,56392.0,0.0451,0.0,0.0,55556.0,0.0381,0.48210000000000003,0.48300000000000004,0.0,0.038,0.0,-0.021,10.290000000000001
52461519,1,0,-0.003,0.041,-0.018000000000000002,0.016,0.0,-0.0285,0.0285,11.06,-0.0077,56604.0,0.0478,0.0,4049.0,55556.0,0.0403,0.48210000000000003,0.48300000000000004,0.0,0.038,0.0,-0.355,10.290000000000001
52466527,1,0,0.09,0.022,0.002,0.016,0.0,-0.026600000000000002,0.026600000000000002,11.06,-0.0077,56604.0,0.045200000000000004,0.0,9057.0,55760.0,0.037700000000000004,0.4817,0.48100000000000004,0.0,0.023,0.0,-0.242,10.232000000000001
52468682,1,0,0.042,0.053,-0.004,0.016,0.0,-0.0269,0.0269,11.06,-0.0077,56392.0,0.045200000000000004,0.0,11212.0,55760.0,0.038,0.4817,0.48100000000000004,0.0,0.023,0.0,-0.387,10.232000000000001
52474550,1,0,0.105,0.034,-0.006,0.016,0.0,-0.0268,0.0268,11.06,-0.0076,56392.0,0.045200000000000004,0.0,17080.0,55556.0,0.0379,0.48040000000000005,0.47800000000000004,0.0,-0.008,0.0,-0.361,10.232000000000001
52477487,1,0,-0.043000000000000003,0.004,0.009000000000000001,0.016,0.0,-0.0263,0.0263,11.06,-0.0077,56392.0,0.045200000000000004,0.0,0.0,55556.0,0.037200000000000004,0.48040000000000005,0.47800000000000004,0.0,-0.008,0.0,-0.28500000000000003,10.232000000000001
52482490,1,0,0.08700000000000001,0.045,-0.012,0.016,0.0,-0.0281,0.028,11.06,-0.007500000000000001,56816.0,0.0478,0.0,5003.0,55556.0,0.0397,0.48040000000000005,0.47800000000000004,0.0,-0.008,0.0,-0.333,10.232000000000001
52484535,1,0,-0.018000000000000002,0.011,-0.009000000000000001,0.016,0.0,-0.0263,0.0263,11.06,-0.007500000000000001,56392.0,0.045200000000000004,0.0,7048.0,55556.0,0.037200000000000004,0.48040000000000005,0.47800000000000004,0.0,-0.008,0.0,-0.322,10.232000000000001
52489494,1,0,0.078,0.033,-0.012,0.015,0.0,-0.027200000000000002,0.027200000000000002,11.06,-0.0074,56392.0,0.045200000000000004,0.0,12007.0,55556.0,0.0385,0.4803,0.48000000000000004,0.0,-0.009000000000000001,0.0,-0.291,10.271
52494565,1,0,-0.02,-0.063,0.026000000000000002,0.015,0.0,-0.0245,0.0245,11.06,-0.0074,56604.0,0.0425,0.0,17078.0,55556.0,0.0347,0.48090000000000005,0.48200000000000004,0.0,0.005,0.0,0.012,10.271
52497501,1,0,0.082,0.043000000000000003,-0.021,0.015,0.0,-0.024,0.024,11.06,-0.0073,56604.0,0.039900000000000005,0.0,0.0,55556.0,0.034,0.48090000000000005,0.48200000000000004,0.0,0.005,0.0,-0.189,10.271
52501550,1,0,-0.046,-0.073,0.016,0.015,0.0,-0.024800000000000003,0.024800000000000003,11.06,-0.0073,56392.0,0.0425,0.0,4049.0,55556.0,0.0351,0.48090000000000005,0.48200000000000004,0.0,0.005,0.0,0.0,10.271
52503651,1,0,0.059000000000000004,-0.022,-0.001,0.015,0.0,-0.0241,0.0241,11.06,-0.007200000000000001,56392.0,0.039900000000000005,0.0,6150.0,55968.0,0.034,0.48090000000000005,0.48200000000000004,0.0,0.005,0.0,-0.093,10.271
52509508,1,0,-0.022,-0.074,0.031,0.015,0.0,-0.024200000000000003,0.0241,11.06,-0.0071,56392.0,0.039900000000000005,0.0,12007.0,55760.0,0.0341,0.4813,0.48200000000000004,0.0,0.012,0.0,0.115,10.295
52514565,1,0,-0.013000000000000001,-0.003,-0.012,0.015,0.0,-0.024,0.024,11.06,-0.0071,56604.0,0.039900000000000005,0.0,17064.0,55760.0,0.0339,0.48150000000000004,0.48200000000000004,0.0,0.015,0.0,0.013000000000000001,10.295
52517516,1,0,-0.006,-0.07200000000000001,0.035,0.014,0.0,-0.0235,0.0235,11.06,-0.006900000000000001,56392.0,0.039900000000000005,0.0,0.0,55760.0,0.0332,0.48150000000000004,0.48200000000000004,0.0,0.015,0.0,0.405,10.295
52519625,1,0,0.057,0.019,-0.015,0.014,0.0,-0.0227,0.0227,11.09,-0.0068000000000000005,56392.0,0.0373,0.0,2109.0,55556.0,0.032100000000000004,0.48150000000000004,0.48200000000000004,0.0,0.015,0.0,0.169,10.295
52524830,1,0,-0.029,-0.094,0.032,0.014,0.0,-0.0219,0.0219,11.09,-0.0067,56816.0,0.0373,0.0,7314.0,55968.0,0.031,0.48100000000000004,0.48000000000000004,0.0,0.001,0.0,0.194,10.295
52529526,1,0,-0.004,-0.018000000000000002,-0.005,0.014,0.0,-0.022500000000000003,0.022500000000000003,11.09,-0.0066,56816.0,0.0373,0.0,12010.0,55556.0,0.0318,0.48100000000000004,0.48000000000000004,0.0,0.001,0.0,-0.14,10.22
52534582,1,0,0.032,0.018000000000000002,-0.02,0.013000000000000001,0.0,-0.0211,0.0211,11.09,-0.0064,56180.0,0.0346,0.0,17066.0,55556.0,0.029900000000000003,0.47990000000000005,0.47800000000000004,0.0,-0.02,0.0,0.1,10.22
52537530,1,0,-0.01,-0.047,-0.002,0.013000000000000001,0.0,-0.021400000000000002,0.021400000000000002,11.09,-0.0064,56392.0,0.0373,0.0,0.0,55968.0,0.0303,0.47990000000000005,0.47800000000000004,0.0,-0.02,0.0,-0.023,10.22
52541578,1,0,0.021,-0.013000000000000001,-0.008,0.013000000000000001,0.0,-0.0195,0.0195,11.09,-0.006200000000000001,56604.0,0.032,0.0,4048.0,55760.0,0.027600000000000003,0.47990000000000005,0.47800000000000004,0.0,-0.02,0.0,0.069,10.22
52544736,1,0,0.004,-0.018000000000000002,-0.013000000000000001,0.013000000000000001,0.0,-0.020900000000000002,0.020900000000000002,11.09,-0.006200000000000001,56604.0,0.0346,0.0,7206.0,55760.0,0.0296,0.4796,0.47900000000000004,0.0,-0.023,0.0,-0.098,10.22
52549538,1,0,0.034,0.011,-0.031,0.013000000000000001,0.0,-0.0193,0.0193,11.09,-0.006,56604.0,0.032,0.0,12008.0,55968.0,0.0273,0.4796,0.47900000000000004,0.0,-0.023,0.0,0.135,10.291
52554597,1,0,-0.029,-0.107,0.044,0.012,0.0,-0.0188,0.0188,11.09,-0.0058000000000000005,56392.0,0.032,0.0,17067.0,55968.0,0.026600000000000002,0.47940000000000005,0.47900000000000004,0.0,-0.022,0.0,0.37,10.291
52557543,1,0,0.049,0.028,-0.032,0.012,0.0,-0.0183,0.0183,11.09,-0.0057,56392.0,0.032,0.0,0.0,55556.0,0.025900000000000003,0.47940000000000005,0.47900000000000004,0.0,-0.022,0.0,0.03,10.291
52561591,1,0,-0.026000000000000002,-0.113,0.023,0.012,0.0,-0.018000000000000002,0.018000000000000002,11.09,-0.0056,56604.0,0.029300000000000003,0.0,4048.0,55968.0,0.025400000000000002,0.47940000000000005,0.47900000000000004,0.0,-0.022,0.0,0.223,10.291
52564605,1,0,0.042,0.026000000000000002,-0.031,0.011,0.0,-0.0187,0.018600000000000002,11.09,-0.0055000000000000005,56604.0,0.032,0.0,7062.0,55760.0,0.0264,0.4796,0.48000000000000004,0.0,-0.014,0.0,0.067,10.291
52569667,1,0,-0.023,-0.10200000000000001,0.048,0.011,0.0,-0.018000000000000002,0.018000000000000002,11.09,-0.005200000000000001,56392.0,0.029300000000000003,0.0,12124.0,55760.0,0.025400000000000002,0.4796,0.48000000000000004,0.0,-0.014,0.0,0.367,10.273
52572553,1,0,0.052000000000000005,0.049,-0.032,0.011,0.0,-0.0181,0.0181,11.09,-0.005200000000000001,56392.0,0.032,0.0,15010.0,55556.0,0.0256,0.4796,0.48000000000000004,0.0,-0.014,0.0,0.04,10.273
52576743,1,0,-0.031,-0.112,0.034,0.011,0.0,-0.0179,0.0179,11.09,-0.0051,56604.0,0.029300000000000003,0.0,0.0,55968.0,0.0253,0.4797,0.48000000000000004,0.0,-0.008,0.0,0.292,10.273
52581604,1,0,0.006,0.015,-0.017,0.011,0.0,-0.020900000000000002,0.020900000000000002,11.120000000000001,-0.005200000000000001,56604.0,0.0347,0.0,4861.0,55556.0,0.0296,0.4797,0.48000000000000004,0.0,-0.008,0.0,-0.184,10.273
52584651,1,0,-0.047,-0.08700000000000001,0.042,0.011,0.0,-0.020900000000000002,0.020900000000000002,11.120000000000001,-0.005200000000000001,56604.0,0.0347,0.0,7908.0,55760.0,0.029500000000000002,0.47950000000000004,0.47900000000000004,0.0,-0.012,0.0,0.245,10.273
52589566,1,0,-0.001,-0.002,-0.01,0.011,0.0,-0.0195,0.0195,11.120000000000001,-0.0054,56392.0,0.032100000000000004,0.0,12823.0,55968.0,0.0275,0.47950000000000004,0.47900000000000004,0.0,-0.012,0.0,-0.123,10.231
52591614,1,0,-0.043000000000000003,-0.066,0.038,0.011,0.0,-0.0206,0.0206,11.120000000000001,-0.0054,56604.0,0.0347,0.0,14871.0,55968.0,0.0292,0.47950000000000004,0.47900000000000004,0.0,-0.012,0.0,0.215,10.231
52596618,1,0,0.012,0.023,-0.018000000000000002,0.011,0.0,-0.0195,0.0195,11.120000000000001,-0.0054,56392.0,0.032100000000000004,0.0,0.0,55556.0,0.0275,0.47900000000000004,0.47800000000000004,0.0,-0.02,0.0,-0.266,10.231
52601620,1,0,0.025,0.044,-0.018000000000000002,0.011,0.0,-0.0204,0.020300000000000002,11.120000000000001,-0.0054,56604.0,0.0347,0.0,5002.0,55968.0,0.028800000000000003,0.47900000000000004,0.47800000000000004,0.0,-0.02,0.0,0.074,10.231
52604627,1,0,0.026000000000000002,-0.024,-0.019,0.011,0.0,-0.0165,0.0165,11.120000000000001,-0.0054,56816.0,0.0267,0.0,8009.0,55760.0,0.0233,0.4783,0.47700000000000004,0.0,-0.03,0.0,-0.139,10.231
52609574,1,0,0.052000000000000005,0.073,-0.022,0.011,0.0,-0.021500000000000002,0.021500000000000002,11.120000000000001,-0.005200000000000001,56604.0,0.0374,0.0,12956.0,55968.0,0.0304,0.4783,0.47700000000000004,0.0,-0.03,0.0,-0.026000000000000002,10.238
52611627,1,0,0.043000000000000003,0.007,-0.028,0.011,0.0,-0.0218,0.0218,11.120000000000001,-0.005200000000000001,56604.0,0.0374,0.0,15009.0,55760.0,0.0308,0.4783,0.47700000000000004,0.0,-0.03,0.0,-0.223,10.238
52616632,1,0,0.047,0.07100000000000001,-0.014,0.01,0.0,-0.0219,0.0219,11.120000000000001,-0.005,56816.0,0.0374,0.0,0.0,55556.0,0.031,0.4778,0.47700000000000004,0.0,-0.033,0.0,-0.055,10.238
52621649,1,0,-0.045,-0.064,0.02,0.01,0.0,-0.020900000000000002,0.020900000000000002,11.120000000000001,-0.0048000000000000004,56816.0,0.0347,0.0,5017.0,55968.0,0.029500000000000002,0.4778,0.47700000000000004,0.0,-0.033,0.0,-0.099,10.238
52624681,1,0,0.055,0.081,-0.02,0.01,0.0,-0.0227,0.0227,11.120000000000001,-0.0049,56604.0,0.0374,0.0,8049.0,55968.0,0.0322,0.47790000000000005,0.47800000000000004,0.0,-0.025,0.0,-0.368,10.238
52627592,1,0,0.018000000000000002,-0.049,0.009000000000000001,0.01,0.0,-0.0216,0.0216,11.120000000000001,-0.0048000000000000004,56816.0,0.0374,0.0,10960.0,55760.0,0.030500000000000003,0.47790000000000005,0.47800000000000004,0.0,-0.025,0.0,-0.28300000000000003,10.221
52631641,1,0,0.041,0.073,0.0,0.01,0.0,-0.0204,0.0204,11.120000000000001,-0.0048000000000000004,56392.0,0.034800000000000005,0.0,15009.0,55968.0,0.028800000000000003,0.47790000000000005,0.47800000000000004,0.0,-0.025,0.0,-0.15,10.221
52636645,1,0,-0.026000000000000002,-0.056,0.037,0.01,0.0,-0.0199,0.0199,11.120000000000001,-0.0047,56816.0,0.034800000000000005,0.0,0.0,55760.0,0.028200000000000003,0.47790000000000005,0.47800000000000004,0.0,-0.019,0.0,0.031,10.221
52641639,1,0,0.061,0.0,0.003,0.01,0.0,-0.0179,0.0179,11.15,-0.0048000000000000004,56604.0,0.029500000000000002,0.0,4994.0,55760.0,0.025400000000000002,0.47790000000000005,0.47800000000000004,0.0,-0.019,0.0,-0.316,10.221
52644654,1,0,-0.014,-0.039,0.037,0.01,0.0,-0.0182,0.0182,11.15,-0.0047,56816.0,0.0322,0.0,8009.0,55760.0,0.0258,0.4783,0.47900000000000004,0.0,-0.008,0.0,0.147,10.221
52649607,1,0,0.033,-0.035,0.018000000000000002,0.01,0.0,-0.019,0.019,11.15,-0.0047,56604.0,0.0322,0.0,12962.0,55760.0,0.0268,0.4783,0.47900000000000004,0.0,-0.008,0.0,-0.234,10.216000000000001
52651654,1,0,-0.029,-0.047,0.036000000000000004,0.01,0.0,-0.0206,0.0206,11.15,-0.0047,56180.0,0.034800000000000005,0.0,15009.0,55760.0,0.0291,0.4783,0.47900000000000004,0.0,-0.008,0.0,-0.001,10.216000000000001
52656662,1,0,0.051000000000000004,-0.024,0.002,0.01,0.0,-0.019,0.019,11.15,-0.0047,56604.0,0.0322,0.0,0.0,55968.0,0.0269,0.4792,0.48100000000000004,0.0,0.013000000000000001,0.0,-0.421,10.216000000000001
52659614,1,0,-0.034,-0.027,0.022,0.01,0.0,-0.0201,0.0201,11.15,-0.0046,56392.0,0.034800000000000005,0.0,2952.0,55556.0,0.0284,0.4792,0.48100000000000004,0.0,0.013000000000000001,0.0,0.029,10.216000000000001
52664668,1,0,0.025,-0.052000000000000005,0.001,0.01,0.0,-0.020300000000000002,0.020300000000000002,11.15,-0.0046,56392.0,0.034800000000000005,0.0,8006.0,55760.0,0.0287,0.47990000000000005,0.48100000000000004,0.0,0.022,0.0,-0.28700000000000003,10.216000000000001
52667621,1,0,-0.035,0.002,0.003,0.01,0.0,-0.021,0.021,11.15,-0.0046,56604.0,0.034800000000000005,0.0,10959.0,55760.0,0.0296,0.47990000000000005,0.48100000000000004,0.0,0.022,0.0,0.0,10.208
52672760,1,0,-0.007,-0.075,0.007,0.009000000000000001,0.0,-0.0211,0.021,11.15,-0.0045000000000000005,56816.0,0.034800000000000005,0.0,16098.0,55968.0,0.0298,0.47990000000000005,0.48100000000000004,0.0,0.022,0.0,-0.372,10.208
52675627,1,0,-0.022,0.024,-0.022,0.01,0.0,-0.0207,0.0207,11.15,-0.0046,56604.0,0.034800000000000005,0.0,0.0,55760.0,0.029300000000000003,0.4806,0.48200000000000004,0.0,0.033,0.0,-0.168,10.208
52679629,1,0,0.014,-0.044,0.002,0.01,0.0,-0.0229,0.0229,11.15,-0.0046,56604.0,0.0402,0.0,4002.0,55968.0,0.0324,0.4806,0.48200000000000004,0.0,0.033,0.0,-0.40700000000000003,10.208
52684683,1,0,0.069,0.047,-0.031,0.01,0.0,-0.0193,0.0193,11.15,-0.0046,56604.0,0.0322,0.0,9056.0,56180.0,0.0273,0.4811,0.48200000000000004,0.0,0.036000000000000004,0.0,-0.22,10.208
52687634,1,0,-0.021,-0.062,0.018000000000000002,0.009000000000000001,0.0,-0.0219,0.0219,11.15,-0.0045000000000000005,56604.0,0.0375,0.0,12007.0,55760.0,0.031,0.4811,0.48200000000000004,0.0,0.036000000000000004,0.0,-0.198,10.217
52691678,1,0,0.062,0.05,-0.018000000000000002,0.009000000000000001,0.0,-0.0218,0.0218,11.15,-0.0045000000000000005,56604.0,0.0375,0.0,16051.0,55760.0,0.0308,0.4811,0.48200000000000004,0.0,0.036000000000000004,0.0,-0.304,10.217
52696679,1,0,-0.052000000000000005,-0.035,0.025,0.009000000000000001,0.0,-0.0216,0.0216,11.15,-0.0044,56604.0,0.0375,0.0,0.0,55760.0,0.030600000000000002,0.4811,0.48100000000000004,0.0,0.028,0.0,0.094,10.217
52699642,1,0,0.093,0.048,-0.028,0.009000000000000001,0.0,-0.0221,0.0221,11.15,-0.0044,56392.0,0.0375,0.0,2963.0,55760.0,0.031200000000000002,0.4811,0.48100000000000004,0.0,0.028,0.0,-0.245,10.217
52704822,1,0,-0.047,-0.01,0.027,0.009000000000000001,0.0,-0.0218,0.0218,11.18,-0.0043,56604.0,0.0376,0.0,8143.0,55760.0,0.0308,0.4803,0.47900000000000004,0.0,0.008,0.0,0.24,10.217
52707644,1,0,0.091,0.024,-0.017,0.009000000000000001,0.0,-0.0224,0.0223,11.18,-0.0043,56604.0,0.0376,0.0,10965.0,55760.0,0.0316,0.4803,0.47900000000000004,0.0,0.008,0.0,-0.271,10.158
52711731,1,0,-0.075,-0.024,0.018000000000000002,0.009000000000000001,0.0,-0.022600000000000002,0.022600000000000002,11.18,-0.004200000000000001,56816.0,0.0376,0.0,15052.0,55760.0,0.032,0.4803,0.47900000000000004,0.0,0.008,0.0,0.11,10.158
52716738,1,0,0.015,-0.045,-0.003,0.009000000000000001,0.0,-0.0227,0.0227,11.18,-0.0041,56816.0,0.0376,0.0,0.0,55760.0,0.032100000000000004,0.4802,0.48000000000000004,0.0,0.004,0.0,-0.265,10.158
52721554,1,0,-0.011,0.035,-0.007,0.009000000000000001,0.0,-0.021500000000000002,0.021500000000000002,11.18,-0.004200000000000001,56816.0,0.0376,0.0,4816.0,55968.0,0.0303,0.4802,0.48000000000000004,0.0,0.004,0.0,0.156,10.158
52723675,1,0,0.028,-0.025,-0.012,0.009000000000000001,0.0,-0.022600000000000002,0.022600000000000002,11.18,-0.004200000000000001,56604.0,0.0376,0.0,6937.0,55760.0,0.032,0.4802,0.48000000000000004,0.0,0.004,0.0,-0.191,10.158
52728663,1,0,0.017,0.031,-0.021,0.009000000000000001,0.0,-0.020900000000000002,0.020900000000000002,11.18,-0.0043,56392.0,0.0349,0.0,11925.0,55760.0,0.0296,0.4801,0.48000000000000004,0.0,0.002,0.0,-0.041,10.146
52732666,1,0,-0.06,-0.057,0.003,0.009000000000000001,0.0,-0.0221,0.0221,11.18,-0.004200000000000001,56392.0,0.0376,0.0,15928.0,55760.0,0.031200000000000002,0.4801,0.48000000000000004,0.0,0.002,0.0,-0.106,10.146
52736774,1,0,0.041,0.028,-0.027,0.009000000000000001,0.0,-0.022000000000000002,0.0219,11.18,-0.0043,56392.0,0.0376,0.0,0.0,55968.0,0.031,0.4797,0.47900000000000004,0.0,-0.007,0.0,-0.124,10.146
52739671,1,0,-0.042,-0.052000000000000005,0.012,0.009000000000000001,0.0,-0.0223,0.0223,11.18,-0.004200000000000001,56816.0,0.0376,0.0,2897.0,55968.0,0.0316,0.4797,0.47900000000000004,0.0,-0.007,0.0,0.039,10.146
52744680,1,0,0.048,0.005,-0.012,0.009000000000000001,0.0,-0.0221,0.0221,11.18,-0.0043,56816.0,0.0376,0.0,7906.0,55968.0,0.0313,0.4791,0.47800000000000004,0.0,-0.018000000000000002,0.0,-0.036000000000000004,10.146
52749677,1,0,-0.066,0.018000000000000002,0.009000000000000001,0.009000000000000001,0.0,-0.024800000000000003,0.024800000000000003,11.18,-0.0043,56392.0,0.043000000000000003,0.0,12903.0,55760.0,0.035,0.4791,0.47800000000000004,0.0,-0.018000000000000002,0.0,0.296,10.102
52751761,1,0,0.045,0.02,-0.005,0.009000000000000001,0.0,-0.0239,0.0239,11.18,-0.0043,56392.0,0.0403,0.0,14987.0,55760.0,0.0337,0.4791,0.47800000000000004,0.0,-0.018000000000000002,0.0,-0.018000000000000002,10.102
52756765,1,0,-0.092,0.008,0.025,0.009000000000000001,0.0,-0.0238,0.0238,11.18,-0.0044,56604.0,0.0403,0.0,0.0,55760.0,0.0337,0.4787,0.47800000000000004,0.0,-0.022,0.0,0.459,10.102
52759678,1,0,0.067,0.018000000000000002,0.0,0.009000000000000001,0.0,-0.0241,0.0241,11.21,-0.0044,56392.0,0.040400000000000005,0.0,2913.0,55968.0,0.0341,0.4787,0.47800000000000004,0.0,-0.022,0.0,-0.018000000000000002,10.102
52764679,1,0,-0.05,0.041,0.02,0.009000000000000001,0.0,-0.024,0.024,11.21,-0.0045000000000000005,57032.0,0.040400000000000005,0.0,7914.0,55968.0,0.034,0.4787,0.47800000000000004,0.0,-0.022,0.0,0.28,10.102
52769686,1,0,0.007,-0.017,0.005,0.009000000000000001,0.0,-0.024,0.024,11.21,-0.0045000000000000005,56604.0,0.040400000000000005,0.0,12921.0,55760.0,0.0339,0.4781,0.47700000000000004,0.0,-0.03,0.0,-0.023,10.195
52771779,1,0,-0.077,0.021,0.005,0.01,0.0,-0.023,0.023,11.21,-0.0046,56604.0,0.040400000000000005,0.0,15014.0,56180.0,0.032600000000000004,0.4781,0.47700000000000004,0.0,-0.03,0.0,0.449,10.195
52776774,1,0,-0.029,-0.019,0.003,0.01,0.0,-0.023700000000000002,0.023700000000000002,11.21,-0.0046,56604.0,0.040400000000000005,0.0,0.0,55968.0,0.0335,0.4788,0.48000000000000004,0.0,-0.011,0.0,0.188,10.195
52781781,1,0,0.085,0.045,-0.003,0.01,0.0,-0.0258,0.0258,11.21,-0.0048000000000000004,56604.0,0.0431,0.0,5007.0,55968.0,0.036500000000000005,0.4788,0.48000000000000004,0.0,-0.011,0.0,0.015,10.195
52784576,1,0,0.01,0.004,0.0,0.01,0.0,-0.0258,0.0258,11.21,-0.0048000000000000004,56604.0,0.0431,0.0,7802.0,55968.0,0.0364,0.4788,0.48000000000000004,0.0,-0.011,0.0,-0.002,10.195
52789551,1,0,0.065,0.035,-0.01,0.01,0.0,-0.0246,0.0246,11.21,-0.005,56604.0,0.0431,0.0,12777.0,56180.0,0.0349,0.47990000000000005,0.48200000000000004,0.0,0.014,0.0,0.0,10.154
52793553,1,0,-0.079,0.001,0.003,0.01,0.0,-0.023700000000000002,0.023700000000000002,11.21,-0.005,56816.0,0.040400000000000005,0.0,16779.0,56180.0,0.0335,0.47990000000000005,0.48200000000000004,0.0,0.014,0.0,0.308,10.154
52797746,1,0,0.061,0.008,-0.006,0.011,0.0,-0.0258,0.0258,11.21,-0.0051,56816.0,0.0431,0.0,0.0,55760.0,0.0364,0.4813,0.48400000000000004,0.0,0.04,0.0,0.007,10.154
52800678,1,0,-0.063,0.012,0.002,0.011,0.0,-0.0262,0.0262,11.21,-0.0051,57032.0,0.0458,0.0,2932.0,55760.0,0.0371,0.4813,0.48400000000000004,0.0,0.04,0.0,0.248,10.154
52804800,1,0,0.073,0.016,-0.001,0.011,0.0,-0.025900000000000003,0.025900000000000003,11.21,-0.0053,56604.0,0.0431,0.0,7054.0,55968.0,0.0366,0.48300000000000004,0.48600000000000004,0.0,0.064,0.0,-0.134,10.154
52809553,1,0,-0.073,0.027,0.002,0.011,0.0,-0.0251,0.0251,11.21,-0.0055000000000000005,56816.0,0.0431,0.0,11807.0,55968.0,0.035500000000000004,0.48300000000000004,0.48600000000000004,0.0,0.064,0.0,0.214,10.154
52811795,1,0,0.093,0.013000000000000001,-0.005,0.011,0.0,-0.0238,0.0238,11.21,-0.0054,56604.0,0.040400000000000005,0.0,14049.0,55968.0,0.0337,0.48300000000000004,0.48600000000000004,0.0,0.064,0.0,-0.14400000000000002,10.154
52816553,1,0,-0.093,0.024,0.015,0.012,0.0,-0.025900000000000003,0.025900000000000003,11.21,-0.0056,56604.0,0.0431,0.0,0.0,55760.0,0.0366,0.48260000000000003,0.48200000000000004,0.0,0.045,0.0,0.28300000000000003,10.154
52820755,1,0,0.029,0.007,0.006,0.011,0.0,-0.025400000000000002,0.025400000000000002,11.24,-0.0055000000000000005,56604.0,0.0432,0.0,4202.0,55760.0,0.036000000000000004,0.48260000000000003,0.48200000000000004,0.0,0.045,0.0,-0.222,10.154
52824817,1,0,0.007,0.034,0.001,0.012,0.0,-0.0262,0.0262,11.24,-0.0057,56604.0,0.0459,0.0,8264.0,55760.0,0.0371,0.4807,0.47700000000000004,0.0,-0.004,0.0,0.034,10.154
52829552,1,0,-0.014,0.003,0.002,0.012,0.0,-0.0253,0.0253,11.24,-0.0055000000000000005,56816.0,0.0432,0.0,12999.0,55968.0,0.0358,0.4807,0.47700000000000004,0.0,-0.004,0.0,-0.248,10.23
52833761,1,0,0.099,0.007,-0.004,0.012,0.0,-0.0264,0.0264,11.24,-0.0056,56816.0,0.0459,0.0,17208.0,55968.0,0.0373,0.4807,0.47700000000000004,0.0,-0.004,0.0,-0.06,10.23
52835768,1,0,0.015,-0.005,-0.019,0.012,0.0,-0.0262,0.0262,11.24,-0.0056,56604.0,0.0459,0.0,0.0,55760.0,0.037000000000000005,0.47940000000000005,0.47700000000000004,0.0,-0.029,0.0,0.015,10.23
52839771,1,0,0.018000000000000002,0.008,-0.002,0.012,0.0,-0.0252,0.0252,11.24,-0.0058000000000000005,56604.0,0.0432,0.0,4003.0,55760.0,0.0357,0.47940000000000005,0.47700000000000004,0.0,-0.029,0.0,0.212,10.23
52844576,1,0,-0.03,-0.015,-0.012,0.012,0.0,-0.024800000000000003,0.024800000000000003,11.24,-0.0057,56604.0,0.0432,0.0,8808.0,55968.0,0.0351,0.47940000000000005,0.47700000000000004,0.0,-0.029,0.0,-0.20400000000000001,10.23
52849552,1,0,0.10200000000000001,0.002,-0.009000000000000001,0.012,0.0,-0.0264,0.0264,11.24,-0.0057,56816.0,0.0459,0.0,13784.0,55968.0,0.0374,0.47850000000000004,0.47700000000000004,0.0,-0.039,0.0,-0.336,10.246
52853786,1,0,-0.066,-0.005,0.007,0.012,0.0,-0.026500000000000003,0.026500000000000003,11.24,-0.0058000000000000005,56816.0,0.0459,0.0,18018.0,55968.0,0.0375,0.47850000000000004,0.47700000000000004,0.0,-0.039,0.0,-0.037,10.246
52855787,1,0,0.093,-0.005,0.008,0.012,0.0,-0.0252,0.0252,11.24,-0.0057,56604.0,0.0432,0.0,0.0,55760.0,0.0357,0.47840000000000005,0.47800000000000004,0.0,-0.035,0.0,-0.3,10.246
52859789,1,0,-0.105,-0.014,-0.009000000000000001,0.012,0.0,-0.0247,0.0247,11.24,-0.0057,56392.0,0.0432,0.0,4002.0,55968.0,0.035,0.47840000000000005,0.47800000000000004,0.0,-0.035,0.0,-0.164,10.246
52864577,1,0,0.07200000000000001,-0.009000000000000001,-0.001,0.012,0.0,-0.0247,0.0247,11.24,-0.0057,56816.0,0.0432,0.0,8790.0,55760.0,0.0349,0.47840000000000005,0.47800000000000004,0.0,-0.035,0.0,-0.267,10.246
52869678,1,0,-0.053,-0.011,0.019,0.012,0.0,-0.0245,0.0245,11.25,-0.0057,56816.0,0.0432,0.0,13891.0,55760.0,0.0347,0.4782,0.47800000000000004,0.0,-0.031,0.0,-0.085,10.248
52871817,1,0,0.101,-0.005,0.007,0.011,0.0,-0.0253,0.0253,11.25,-0.0054,56604.0,0.0432,0.0,16030.0,55968.0,0.0358,0.4782,0.47800000000000004,0.0,-0.031,0.0,-0.289,10.248
52876558,1,0,-0.092,-0.02,0.013000000000000001,0.012,0.0,-0.024800000000000003,0.024800000000000003,11.25,-0.0056,56816.0,0.0432,0.0,0.0,55968.0,0.0351,0.47890000000000005,0.48000000000000004,0.0,-0.012,0.0,0.15,10.248
52880812,1,0,-0.022,-0.017,-0.006,0.011,0.0,-0.0241,0.024,11.25,-0.0054,56816.0,0.0405,0.0,4254.0,55968.0,0.034,0.47890000000000005,0.48000000000000004,0.0,-0.012,0.0,-0.145,10.248
52885553,1,0,0.05,-0.018000000000000002,0.016,0.011,0.0,-0.0236,0.0236,11.25,-0.0055000000000000005,56604.0,0.0405,0.0,8995.0,55760.0,0.0333,0.48000000000000004,0.48200000000000004,0.0,0.012,0.0,-0.038,10.248
52889809,1,0,-0.109,-0.027,0.003,0.011,0.0,-0.0239,0.0239,11.27,-0.0054,56816.0,0.040600000000000004,0.0,13251.0,55968.0,0.033800000000000004,0.48000000000000004,0.48200000000000004,0.0,0.012,0.0,0.11,10.133000000000001
52891820,1,0,0.004,-0.024,0.017,0.011,0.0,-0.024300000000000002,0.024300000000000002,11.27,-0.0054,57032.0,0.040600000000000004,0.0,15262.0,55968.0,0.0344,0.48000000000000004,0.48200000000000004,0.0,0.012,0.0,0.054,10.133000000000001
52896556,1,0,0.062,-0.007,-0.005,0.011,0.0,-0.0236,0.0236,11.27,-0.005200000000000001,56604.0,0.040600000000000004,0.0,0.0,55968.0,0.0334,0.48100000000000004,0.48300000000000004,0.0,0.031,0.0,-0.321,10.133000000000001
52900558,1,0,0.057,-0.017,0.004,0.011,0.0,-0.023200000000000002,0.023200000000000002,11.27,-0.005200000000000001,56604.0,0.040600000000000004,0.0,4002.0,55760.0,0.0328,0.48100000000000004,0.48300000000000004,0.0,0.031,0.0,-0.201,10.133000000000001
52904583,1,0,-0.058,-0.029,-0.007,0.011,0.0,-0.0218,0.0218,11.27,-0.0051,56604.0,0.0379,0.0,8027.0,56180.0,0.0308,0.48100000000000004,0.48300000000000004,0.0,0.031,0.0,-0.061,10.133000000000001
52908818,1,0,0.108,-0.004,-0.004,0.01,0.0,-0.0222,0.0222,11.28,-0.005,56816.0,0.0379,0.0,12262.0,56180.0,0.0315,0.48210000000000003,0.48400000000000004,0.0,0.046,0.0,-0.222,10.219
52913574,1,0,-0.076,-0.057,0.0,0.01,0.0,-0.020300000000000002,0.020300000000000002,11.28,-0.005,57032.0,0.0352,0.0,17018.0,56180.0,0.0287,0.48210000000000003,0.48400000000000004,0.0,0.046,0.0,0.015,10.219
52915816,1,0,0.106,-0.009000000000000001,0.005,0.01,0.0,-0.0207,0.0206,11.28,-0.0048000000000000004,57032.0,0.0352,0.0,0.0,55968.0,0.0292,0.4824,0.48300000000000004,0.0,0.043000000000000003,0.0,-0.168,10.219
52919964,1,0,-0.077,-0.054,0.0,0.01,0.0,-0.0207,0.0207,11.28,-0.0048000000000000004,56604.0,0.0352,0.0,4148.0,55968.0,0.029300000000000003,0.4824,0.48300000000000004,0.0,0.043000000000000003,0.0,0.094,10.219
52924562,1,0,0.10300000000000001,0.003,-0.004,0.01,0.0,-0.0201,0.0201,11.28,-0.0046,56604.0,0.0352,0.0,8746.0,56180.0,0.0284,0.4824,0.48300000000000004,0.0,0.043000000000000003,0.0,-0.17300000000000001,10.219
52928960,1,0,0.0,-0.046,0.022,0.009000000000000001,0.0,-0.0205,0.0205,11.28,-0.0045000000000000005,56816.0,0.0352,0.0,13144.0,56180.0,0.028900000000000002,0.48190000000000005,0.48100000000000004,0.0,0.025,0.0,0.20800000000000002,10.219
52933558,1,0,0.024,0.003,-0.006,0.009000000000000001,0.0,-0.0189,0.0189,11.28,-0.0043,56392.0,0.0325,0.0,17742.0,56180.0,0.0267,0.48190000000000005,0.48100000000000004,0.0,0.025,0.0,-0.123,10.134
52937558,1,0,0.033,-0.031,0.008,0.009000000000000001,0.0,-0.0201,0.0201,11.28,-0.0043,57032.0,0.0352,0.0,0.0,56180.0,0.0284,0.4823,0.48300000000000004,0.0,0.028,0.0,-0.033,10.134
52941815,1,0,-0.041,-0.03,0.013000000000000001,0.009000000000000001,0.0,-0.0188,0.0188,11.28,-0.004200000000000001,56816.0,0.0325,0.0,4257.0,56180.0,0.026600000000000002,0.4823,0.48300000000000004,0.0,0.028,0.0,0.08600000000000001,10.134
52943831,1,0,0.01,-0.038,0.016,0.009000000000000001,0.0,-0.0187,0.0187,11.28,-0.004200000000000001,56816.0,0.0325,0.0,6273.0,56180.0,0.026500000000000003,0.4823,0.48300000000000004,0.0,0.028,0.0,0.246,10.134
52948558,1,0,0.019,0.007,-0.016,0.008,0.0,-0.0187,0.0187,11.3,-0.004,56604.0,0.032600000000000004,0.0,11000.0,56180.0,0.026500000000000003,0.4829,0.48400000000000004,0.0,0.034,0.0,0.08600000000000001,10.134
52952816,1,0,0.095,-0.001,-0.012,0.008,0.0,-0.0159,0.0159,11.3,-0.0038,56816.0,0.027200000000000002,0.0,15258.0,55968.0,0.022600000000000002,0.4829,0.48400000000000004,0.0,0.034,0.0,0.17400000000000002,10.205
52957557,1,0,-0.03,-0.048,0.005,0.008,0.0,-0.017400000000000002,0.017400000000000002,11.3,-0.0037,56816.0,0.029900000000000003,0.0,0.0,56392.0,0.0246,0.4833,0.48400000000000004,0.0,0.035,0.0,0.228,10.205
52961826,1,0,0.07,0.021,-0.03,0.007,0.0,-0.016800000000000002,0.016800000000000002,11.3,-0.0035,56816.0,0.029900000000000003,0.0,4269.0,56180.0,0.0238,0.4833,0.48400000000000004,0.0,0.035,0.0,0.018000000000000002,10.205
52964582,1,0,-0.015,-0.041,-0.006,0.007,0.0,-0.0166,0.0166,11.3,-0.0035,56816.0,0.029900000000000003,0.0,7025.0,55968.0,0.0235,0.4833,0.48400000000000004,0.0,0.035,0.0,0.136,10.205
52969684,1,0,0.065,0.043000000000000003,-0.026000000000000002,0.007,0.0,-0.0195,0.0195,11.3,-0.0032,56604.0,0.032600000000000004,0.0,12127.0,55968.0,0.027600000000000003,0.4832,0.48300000000000004,0.0,0.026000000000000002,0.0,0.013000000000000001,10.205
52971832,1,0,-0.05,-0.047,0.005,0.007,0.0,-0.0211,0.0211,11.31,-0.0033,56816.0,0.035300000000000005,0.0,14275.0,55968.0,0.029900000000000003,0.4832,0.48300000000000004,0.0,0.026000000000000002,0.0,0.147,10.183
52976834,1,0,0.007,0.044,-0.027,0.007,0.0,-0.0206,0.0206,11.31,-0.0033,56816.0,0.035300000000000005,0.0,0.0,56392.0,0.0291,0.48350000000000004,0.48400000000000004,0.0,0.027,0.0,-0.048,10.183
52981839,1,0,0.05,-0.028,0.012,0.007,0.0,-0.0187,0.0187,11.31,-0.0033,56816.0,0.032600000000000004,0.0,5005.0,56180.0,0.0264,0.48350000000000004,0.48400000000000004,0.0,0.027,0.0,0.23500000000000001,10.183
52984582,1,0,0.042,0.038,-0.021,0.007,0.0,-0.017,0.017,11.31,-0.0033,56816.0,0.029900000000000003,0.0,7748.0,56180.0,0.024,0.48350000000000004,0.48400000000000004,0.0,0.027,0.0,-0.099,10.183
52989558,1,0,-0.004,-0.048,0.019,0.007,0.0,-0.0213,0.0213,11.31,-0.0035,56816.0,0.038,0.0,12724.0,56392.0,0.030100000000000002,0.4837,0.48400000000000004,0.0,0.025,0.0,0.24,10.183
52992557,1,0,0.058,0.033,-0.019,0.007,0.0,-0.019200000000000002,0.019200000000000002,11.31,-0.0034000000000000002,56816.0,0.032600000000000004,0.0,15723.0,56392.0,0.027200000000000002,0.4837,0.48400000000000004,0.0,0.025,0.0,-0.005,10.131
52996888,1,0,0.024,0.005,0.018000000000000002,0.007,0.0,-0.0217,0.0217,11.31,-0.0035,56816.0,0.038,0.0,0.0,56392.0,0.0307,0.4838,0.48400000000000004,0.0,0.022,0.0,0.004,10.131
53001552,1,0,-0.03,-0.01,-0.004,0.008,0.0,-0.0198,0.0198,11.31,-0.0036000000000000003,56604.0,0.035300000000000005,0.0,4664.0,56180.0,0.028,0.4838,0.48400000000000004,0.0,0.022,0.0,-0.20400000000000001,10.131
53005553,1,0,0.056,0.049,0.01,0.007,0.0,-0.020300000000000002,0.020300000000000002,11.31,-0.0036000000000000003,57032.0,0.035300000000000005,0.0,8665.0,56180.0,0.028800000000000003,0.48350000000000004,0.48300000000000004,0.0,0.013000000000000001,0.0,-0.14,10.131
53007815,1,0,-0.018000000000000002,0.007,-0.011,0.008,0.0,-0.021500000000000002,0.021500000000000002,11.31,-0.0036000000000000003,56604.0,0.038,0.0,10927.0,55968.0,0.0304,0.48350000000000004,0.48300000000000004,0.0,0.013000000000000001,0.0,-0.117,10.131
53011898,1,0,0.024,0.034,-0.002,0.007,0.0,-0.0219,0.0219,11.31,-0.0035,56816.0,0.038,0.0,15010.0,56180.0,0.0309,0.48350000000000004,0.48300000000000004,0.0,0.013000000000000001,0.0,0.153,10.196
53016552,1,0,-0.032,-0.027,-0.01,0.007,0.0,-0.020900000000000002,0.020900000000000002,11.34,-0.0035,56604.0,0.0354,0.0,0.0,56180.0,0.029500000000000002,0.48260000000000003,0.48100000000000004,0.0,-0.008,0.0,-0.052000000000000005,10.196
53020826,1,0,0.063,0.08600000000000001,-0.022,0.007,0.0,-0.0206,0.0206,11.34,-0.0034000000000000002,57032.0,0.0354,0.0,4274.0,56180.0,0.0291,0.48260000000000003,0.48100000000000004,0.0,-0.008,0.0,-0.225,10.196
53025302,1,0,0.014,-0.063,0.018000000000000002,0.007,0.0,-0.0165,0.0165,11.34,-0.0032,57032.0,0.030000000000000002,0.0,8750.0,56392.0,0.0234,0.4817,0.48000000000000004,0.0,-0.024,0.0,0.225,10.196
53029551,1,0,0.05,0.07100000000000001,-0.021,0.006,0.0,-0.0187,0.0187,11.34,-0.003,56816.0,0.0327,0.0,12999.0,56180.0,0.0264,0.4817,0.48000000000000004,0.0,-0.024,0.0,-0.01,10.196
53031874,1,0,-0.013000000000000001,-0.062,0.024,0.006,0.0,-0.0206,0.0206,11.34,-0.003,56816.0,0.0354,0.0,15322.0,56180.0,0.0291,0.4817,0.48000000000000004,0.0,-0.024,0.0,0.255,10.179
53036514,1,0,0.135,0.057,-0.015,0.006,0.0,-0.012100000000000001,0.012100000000000001,11.34,-0.0027,56604.0,0.0218,0.0,0.0,56392.0,0.0171,0.4818,0.48200000000000004,0.0,-0.017,0.0,-0.133,10.179
53040552,1,0,0.001,-0.054,0.048,0.005,0.0,-0.0198,0.0198,11.34,-0.0026000000000000003,56816.0,0.0354,0.0,4038.0,56180.0,0.028,0.4818,0.48200000000000004,0.0,-0.017,0.0,0.007,10.179
53044860,1,0,0.041,0.008,0.006,0.005,0.0,-0.018000000000000002,0.018000000000000002,11.34,-0.0025,56816.0,0.030000000000000002,0.0,8346.0,56180.0,0.025500000000000002,0.4812,0.48000000000000004,0.0,-0.027,0.0,-0.209,10.179
53049552,1,0,0.067,0.002,0.022,0.005,0.0,-0.0166,0.0166,11.34,-0.0023,56816.0,0.030000000000000002,0.0,13038.0,55968.0,0.0235,0.4812,0.48000000000000004,0.0,-0.027,0.0,-0.099,10.179
53053552,1,0,0.0,-0.049,0.008,0.005,0.0,-0.0171,0.0171,11.34,-0.0022,56604.0,0.030000000000000002,0.0,17038.0,56180.0,0.024200000000000003,0.4812,0.48000000000000004,0.0,-0.027,0.0,-0.176,10.141
53057847,1,0,0.059000000000000004,0.058,-0.01,0.004,0.0,-0.0184,0.0184,11.34,-0.002,56604.0,0.0327,0.0,0.0,56180.0,0.0261,0.4801,0.47800000000000004,0.0,-0.044,0.0,-0.267,10.141
53059847,1,0,0.018000000000000002,-0.015,-0.004,0.004,0.0,-0.0183,0.0183,11.34,-0.002,56604.0,0.0327,0.0,2000.0,56180.0,0.025900000000000003,0.4801,0.47800000000000004,0.0,-0.044,0.0,-0.308,10.141
53064513,1,0,-0.003,-0.002,-0.009000000000000001,0.004,0.0,-0.0183,0.0182,11.34,-0.0019,57032.0,0.0327,0.0,6666.0,56180.0,0.0258,0.4801,0.47800000000000004,0.0,-0.044,0.0,-0.101,10.141
53068514,1,0,-0.055,-0.065,-0.015,0.004,0.0,-0.0217,0.0217,11.34,-0.0021000000000000003,56816.0,0.0381,0.0,10667.0,56392.0,0.0307,0.4793,0.47800000000000004,0.0,-0.049,0.0,-0.224,10.141
53072895,1,0,-0.02,0.044,-0.039,0.005,0.0,-0.021400000000000002,0.021400000000000002,11.34,-0.0023,56816.0,0.038200000000000005,0.0,15048.0,56392.0,0.0303,0.4793,0.47800000000000004,0.0,-0.049,0.0,-0.321,10.214
53077552,1,0,-0.082,-0.093,0.008,0.005,0.0,-0.023100000000000002,0.023100000000000002,11.370000000000001,-0.0024000000000000002,56816.0,0.041,0.0,0.0,56180.0,0.0327,0.47890000000000005,0.47800000000000004,0.0,-0.049,0.0,0.077,10.214
53081552,1,0,-0.027,0.031,-0.039,0.005,0.0,-0.0216,0.0216,11.370000000000001,-0.0026000000000000003,56816.0,0.038200000000000005,0.0,4000.0,55968.0,0.030600000000000002,0.47890000000000005,0.47800000000000004,0.0,-0.049,0.0,-0.246,10.214
53083863,1,0,-0.107,-0.092,0.012,0.005,0.0,-0.025,0.025,11.370000000000001,-0.0026000000000000003,56816.0,0.0437,0.0,6311.0,56180.0,0.0354,0.47890000000000005,0.47800000000000004,0.0,-0.049,0.0,0.151,10.214
53088553,1,0,-0.046,0.022,-0.031,0.006,0.0,-0.0252,0.0252,11.370000000000001,-0.0027,57032.0,0.0437,0.0,11001.0,56392.0,0.0356,0.4793,0.48000000000000004,0.0,-0.031,0.0,-0.1,10.214
53092922,1,0,-0.05,-0.013000000000000001,0.013000000000000001,0.006,0.0,-0.024,0.024,11.370000000000001,-0.0028,56604.0,0.041,0.0,15370.0,56392.0,0.0339,0.4793,0.48000000000000004,0.0,-0.031,0.0,0.061,10.216000000000001
53096955,1,0,-0.04,-0.047,-0.003,0.006,0.0,-0.0241,0.0241,11.370000000000001,-0.0028,57032.0,0.041,0.0,0.0,55968.0,0.0341,0.47990000000000005,0.48100000000000004,0.0,-0.013000000000000001,0.0,-0.227,10.216000000000001
53101552,1,0,-0.039,0.025,0.004,0.006,0.0,-0.025900000000000003,0.025900000000000003,11.370000000000001,-0.0027,56816.0,0.046400000000000004,0.0,4597.0,55968.0,0.0367,0.47990000000000005,0.48100000000000004,0.0,-0.013000000000000001,0.0,0.188,10.216000000000001
53103918,1,0,-0.008,-0.006,-0.014,0.006,0.0,-0.026500000000000003,0.026500000000000003,11.370000000000001,-0.0027,56816.0,0.046400000000000004,0.0,6963.0,56180.0,0.0375,0.47990000000000005,0.48100000000000004,0.0,-0.013000000000000001,0.0,-0.016,10.216000000000001
53107918,1,0,-0.039,0.011,0.014,0.005,0.0,-0.025,0.025,11.370000000000001,-0.0026000000000000003,57032.0,0.0437,0.0,10963.0,56180.0,0.035300000000000005,0.4817,0.48500000000000004,0.0,0.026000000000000002,0.0,0.328,10.216000000000001
53112925,1,0,-0.051000000000000004,-0.07,0.024,0.005,0.0,-0.025400000000000002,0.025400000000000002,11.370000000000001,-0.0025,56816.0,0.0437,0.0,15970.0,56180.0,0.0359,0.4817,0.48500000000000004,0.0,0.026000000000000002,0.0,0.007,10.197000000000001
53116971,1,0,0.055,0.093,-0.016,0.005,0.0,-0.0234,0.0234,11.370000000000001,-0.0024000000000000002,57032.0,0.041,0.0,0.0,56180.0,0.033100000000000004,0.4839,0.48800000000000004,0.0,0.065,0.0,-0.114,10.197000000000001
53119686,1,0,0.026000000000000002,0.027,-0.003,0.005,0.0,-0.0244,0.0244,11.370000000000001,-0.0025,57032.0,0.0437,0.0,2715.0,56392.0,0.0345,0.4839,0.48800000000000004,0.0,0.065,0.0,-0.22,10.197000000000001
53124513,1,0,0.061,0.095,-0.01,0.005,0.0,-0.023100000000000002,0.023,11.370000000000001,-0.0024000000000000002,56816.0,0.041,0.0,7542.0,55968.0,0.032600000000000004,0.4839,0.48800000000000004,0.0,0.065,0.0,-0.362,10.197000000000001
53128936,1,0,-0.015,-0.029,0.035,0.005,0.0,-0.0217,0.0216,11.370000000000001,-0.0025,57032.0,0.0383,0.0,11965.0,55968.0,0.030600000000000002,0.48460000000000003,0.48600000000000004,0.0,0.067,0.0,-0.07,10.197000000000001
53133514,1,0,0.059000000000000004,0.07200000000000001,-0.017,0.005,0.0,-0.022500000000000003,0.022500000000000003,11.370000000000001,-0.0026000000000000003,57252.0,0.0383,0.0,16543.0,56180.0,0.0318,0.48460000000000003,0.48600000000000004,0.0,0.067,0.0,-0.242,10.166
53137553,1,0,-0.005,0.011,0.032,0.005,0.0,-0.0228,0.0228,11.370000000000001,-0.0026000000000000003,57252.0,0.041,0.0,0.0,56392.0,0.0322,0.4844,0.48400000000000004,0.0,0.049,0.0,0.24,10.166
53139902,1,0,0.065,0.098,-0.024,0.006,0.0,-0.0229,0.0229,11.370000000000001,-0.0028,56604.0,0.041,0.0,2349.0,56392.0,0.0324,0.4844,0.48400000000000004,0.0,0.049,0.0,-0.187,10.166
53144514,1,0,-0.018000000000000002,-0.009000000000000001,0.024,0.006,0.0,-0.023,0.023,11.4,-0.0028,57032.0,0.041100000000000005,0.0,6961.0,56392.0,0.0325,0.4844,0.48400000000000004,0.0,0.049,0.0,0.085,10.166
53148552,1,0,0.07200000000000001,0.078,-0.018000000000000002,0.006,0.0,-0.0222,0.0222,11.4,-0.003,56816.0,0.038400000000000004,0.0,10999.0,56180.0,0.031400000000000004,0.48360000000000003,0.48200000000000004,0.0,0.022,0.0,-0.29,10.166
53153090,1,0,0.005,0.07100000000000001,0.002,0.006,0.0,-0.022500000000000003,0.022500000000000003,11.4,-0.0031000000000000003,57032.0,0.038400000000000004,0.0,15537.0,56180.0,0.031900000000000005,0.48360000000000003,0.48200000000000004,0.0,0.022,0.0,0.124,10.166
53157514,1,0,0.014,-0.019,0.003,0.007,0.0,-0.024,0.024,11.4,-0.0032,57032.0,0.041100000000000005,0.0,0.0,56180.0,0.0339,0.48200000000000004,0.47900000000000004,0.0,-0.014,0.0,-0.061,10.161
53159916,1,0,-0.019,0.049,0.002,0.007,0.0,-0.0241,0.0241,11.4,-0.0033,57032.0,0.041100000000000005,0.0,2402.0,56180.0,0.0341,0.48200000000000004,0.47900000000000004,0.0,-0.014,0.0,0.182,10.161
53164514,1,0,0.023,-0.011,0.003,0.007,0.0,-0.0245,0.0245,11.4,-0.0035,57032.0,0.0438,0.0,7000.0,56392.0,0.0346,0.48200000000000004,0.47900000000000004,0.0,-0.014,0.0,-0.253,10.161
53168554,1,0,-0.022,0.079,-0.012,0.008,0.0,-0.026600000000000002,0.026600000000000002,11.4,-0.0037,56816.0,0.0466,0.0,11040.0,56392.0,0.0376,0.4806,0.47800000000000004,0.0,-0.039,0.0,-0.01,10.161
53172965,1,0,-0.056,-0.039,0.021,0.008,0.0,-0.0264,0.0264,11.4,-0.0039000000000000003,57032.0,0.0466,0.0,15451.0,55968.0,0.0373,0.4806,0.47800000000000004,0.0,-0.039,0.0,0.187,10.161
53177016,1,0,0.038,0.076,-0.023,0.009000000000000001,0.0,-0.0264,0.0264,11.4,-0.0041,56816.0,0.0466,0.0,0.0,56180.0,0.0373,0.47900000000000004,0.47600000000000003,0.0,-0.063,0.0,-0.014,10.103
53181514,1,0,-0.065,-0.035,0.014,0.009000000000000001,0.0,-0.0251,0.0251,11.4,-0.0041,57032.0,0.0438,0.0,4498.0,56180.0,0.035500000000000004,0.47900000000000004,0.47600000000000003,0.0,-0.063,0.0,0.222,10.103
53185550,1,0,0.039,0.034,-0.019,0.009000000000000001,0.0,-0.0257,0.0257,11.4,-0.0043,57032.0,0.0438,0.0,8534.0,56392.0,0.0363,0.4783,0.47700000000000004,0.0,-0.064,0.0,-0.215,10.103
53187975,1,0,-0.068,-0.037,0.022,0.009000000000000001,0.0,-0.0275,0.0275,11.4,-0.0043,57032.0,0.049300000000000004,0.0,10959.0,56180.0,0.039,0.4783,0.47700000000000004,0.0,-0.064,0.0,0.187,10.103
53192026,1,0,0.037,0.051000000000000004,-0.018000000000000002,0.01,0.0,-0.027700000000000002,0.027700000000000002,11.4,-0.0046,56816.0,0.049300000000000004,0.0,15010.0,56180.0,0.0391,0.4783,0.47700000000000004,0.0,-0.064,0.0,-0.14200000000000002,10.103
53197026,1,0,-0.062,0.019,-0.002,0.01,0.0,-0.027100000000000003,0.027100000000000003,11.4,-0.0046,57032.0,0.0466,0.0,0.0,55968.0,0.0383,0.4782,0.47800000000000004,0.0,-0.054,0.0,0.148,10.126
53201513,1,0,-0.008,-0.047,0.003,0.01,0.0,-0.0268,0.0267,11.4,-0.0047,57032.0,0.0466,0.0,4487.0,56392.0,0.0378,0.4782,0.47800000000000004,0.0,-0.054,0.0,-0.251,10.126
53205514,1,0,-0.035,0.044,-0.009000000000000001,0.01,0.0,-0.0274,0.0274,11.43,-0.0048000000000000004,57032.0,0.046700000000000005,0.0,8488.0,56180.0,0.038700000000000005,0.4792,0.48100000000000004,0.0,-0.023,0.0,0.131,10.126
53209552,1,0,-0.039,-0.067,0.006,0.01,0.0,-0.0268,0.0268,11.43,-0.0047,57032.0,0.046700000000000005,0.0,12526.0,55760.0,0.0379,0.4792,0.48100000000000004,0.0,-0.023,0.0,0.095,10.126
53212039,1,0,-0.06,0.03,-0.001,0.01,0.0,-0.027200000000000002,0.027200000000000002,11.43,-0.0049,56816.0,0.046700000000000005,0.0,15013.0,56392.0,0.0385,0.4792,0.48100000000000004,0.0,-0.023,0.0,0.28300000000000003,10.126
53216553,1,0,0.022,-0.013000000000000001,-0.007,0.01,0.0,-0.028,0.028,11.43,-0.0049,57032.0,0.0494,0.0,0.0,56180.0,0.0396,0.48050000000000004,0.48300000000000004,0.0,0.008,0.0,-0.221,10.103
53219721,1,0,-0.067,0.022,-0.008,0.01,0.0,-0.0269,0.0269,11.43,-0.005,57032.0,0.046700000000000005,0.0,3168.0,56392.0,0.038,0.48050000000000004,0.48300000000000004,0.0,0.008,0.0,0.189,10.103
53224511,1,0,-0.042,-0.05,0.015,0.01,0.0,-0.027200000000000002,0.027200000000000002,11.43,-0.005,56816.0,0.046700000000000005,0.0,7958.0,56392.0,0.038400000000000004,0.48050000000000004,0.48300000000000004,0.0,0.008,0.0,0.093,10.103
53228511,1,0,0.029,0.05,-0.006,0.011,0.0,-0.0262,0.0262,11.43,-0.0051,57032.0,0.046700000000000005,0.0,11958.0,56180.0,0.037000000000000005,0.48100000000000004,0.48200000000000004,0.0,0.017,0.0,-0.033,10.103
53232512,1,0,-0.077,-0.04,0.01,0.01,0.0,-0.027800000000000002,0.027800000000000002,11.43,-0.005,57032.0,0.0494,0.0,15959.0,56180.0,0.0393,0.48100000000000004,0.48200000000000004,0.0,0.017,0.0,0.088,10.103
53237054,1,0,0.075,0.005,0.002,0.01,0.0,-0.0245,0.0245,11.43,-0.0049,57032.0,0.044000000000000004,0.0,0.0,55968.0,0.0346,0.48100000000000004,0.48100000000000004,0.0,0.013000000000000001,0.0,-0.326,10.197000000000001
53242060,1,0,0.006,0.046,-0.003,0.01,0.0,-0.0269,0.0268,11.43,-0.005,57252.0,0.046700000000000005,0.0,5006.0,56392.0,0.038,0.48100000000000004,0.48100000000000004,0.0,0.013000000000000001,0.0,-0.109,10.197000000000001
53244513,1,0,0.083,0.02,-0.01,0.01,0.0,-0.0269,0.0269,11.43,-0.0049,56816.0,0.046700000000000005,0.0,7459.0,56392.0,0.038,0.48100000000000004,0.48100000000000004,0.0,0.013000000000000001,0.0,-0.523,10.197000000000001
53249151,1,0,-0.026000000000000002,0.052000000000000005,0.006,0.01,0.0,-0.028200000000000003,0.028200000000000003,11.43,-0.0049,57032.0,0.0494,0.0,12097.0,56180.0,0.0398,0.48100000000000004,0.48100000000000004,0.0,0.011,0.0,0.088,10.197000000000001
53254024,1,0,-0.049,-0.035,0.014,0.01,0.0,-0.0253,0.0253,11.43,-0.0049,57472.0,0.044000000000000004,0.0,16970.0,56392.0,0.0358,0.48100000000000004,0.48100000000000004,0.0,0.011,0.0,0.189,10.197000000000001
53256025,1,0,-0.041,0.034,-0.002,0.01,0.0,-0.025400000000000002,0.025400000000000002,11.43,-0.005,57032.0,0.044000000000000004,0.0,0.0,56392.0,0.0359,0.4807,0.48000000000000004,0.0,0.001,0.0,0.446,10.132
53260026,1,0,0.027,-0.015,0.006,0.01,0.0,-0.0274,0.0274,11.43,-0.005,57032.0,0.046700000000000005,0.0,4001.0,56604.0,0.038700000000000005,0.4807,0.48000000000000004,0.0,0.001,0.0,-0.035,10.132
53264514,1,0,-0.008,0.041,0.005,0.011,0.0,-0.0257,0.0257,11.46,-0.0051,57032.0,0.0441,0.0,8489.0,56180.0,0.0363,0.4807,0.48000000000000004,0.0,0.001,0.0,0.14100000000000001,10.132
53269679,1,0,-0.055,-0.023,0.008,0.011,0.0,-0.026600000000000002,0.026600000000000002,11.46,-0.0051,56816.0,0.0468,0.0,13654.0,55968.0,0.0376,0.4811,0.48200000000000004,0.0,0.01,0.0,0.188,10.132
53272083,1,0,0.025,0.036000000000000004,-0.018000000000000002,0.011,0.0,-0.0257,0.0257,11.46,-0.0053,57032.0,0.0441,0.0,16058.0,56180.0,0.0363,0.4811,0.48200000000000004,0.0,0.01,0.0,0.105,10.132
53276518,1,0,-0.033,-0.034,0.016,0.011,0.0,-0.025400000000000002,0.025400000000000002,11.46,-0.005200000000000001,57252.0,0.0441,0.0,0.0,56180.0,0.0359,0.4818,0.48300000000000004,0.0,0.022,0.0,0.065,10.139
53281176,1,0,0.077,0.0,-0.009000000000000001,0.011,0.0,-0.0252,0.0252,11.46,-0.0053,57252.0,0.0441,0.0,4658.0,56392.0,0.0356,0.4818,0.48300000000000004,0.0,0.022,0.0,-0.506,10.139
53285512,1,0,-0.065,0.004,0.004,0.011,0.0,-0.026500000000000003,0.026500000000000003,11.46,-0.0053,57032.0,0.0468,0.0,8994.0,56392.0,0.0375,0.48150000000000004,0.48100000000000004,0.0,0.012,0.0,-0.052000000000000005,10.139
53288007,1,0,0.08700000000000001,-0.001,-0.004,0.011,0.0,-0.0246,0.0246,11.46,-0.0053,56816.0,0.0441,0.0,11489.0,56180.0,0.034800000000000005,0.48150000000000004,0.48100000000000004,0.0,0.012,0.0,-0.464,10.139
53292098,1,0,-0.078,-0.013000000000000001,0.006,0.011,0.0,-0.025,0.025,11.46,-0.005200000000000001,57252.0,0.0441,0.0,15580.0,56604.0,0.035300000000000005,0.48150000000000004,0.48100000000000004,0.0,0.012,0.0,0.133,10.139
53296515,1,0,0.077,-0.025,-0.011,0.011,0.0,-0.0251,0.0251,11.47,-0.0051,57032.0,0.0441,0.0,0.0,56392.0,0.035500000000000004,0.4803,0.47800000000000004,0.0,-0.015,0.0,-0.20600000000000002,10.25
53301058,1,0,0.008,0.01,0.001,0.011,0.0,-0.023700000000000002,0.023700000000000002,11.47,-0.005200000000000001,57252.0,0.0413,0.0,4543.0,56392.0,0.033600000000000005,0.4803,0.47800000000000004,0.0,-0.015,0.0,-0.03,10.25
53305512,1,0,-0.015,-0.04,0.006,0.01,0.0,-0.0238,0.0238,11.47,-0.005,57032.0,0.0413,0.0,8997.0,56180.0,0.0337,0.47950000000000004,0.47800000000000004,0.0,-0.028,0.0,-0.269,10.25
53309514,1,0,0.07100000000000001,0.0,-0.009000000000000001,0.01,0.0,-0.0221,0.0221,11.47,-0.005,57032.0,0.0386,0.0,12999.0,56180.0,0.031200000000000002,0.47950000000000004,0.47800000000000004,0.0,-0.028,0.0,-0.255,10.25
53312552,1,0,0.098,-0.03,-0.012,0.01,0.0,-0.0219,0.0219,11.47,-0.0048000000000000004,57252.0,0.0386,0.0,16037.0,56392.0,0.031,0.47950000000000004,0.47800000000000004,0.0,-0.028,0.0,-0.47000000000000003,10.25
53317117,1,0,0.11,-0.013000000000000001,-0.004,0.01,0.0,-0.0221,0.0221,11.47,-0.0047,57252.0,0.0386,0.0,0.0,56392.0,0.0313,0.47900000000000004,0.47800000000000004,0.0,-0.033,0.0,-0.372,10.148
53319680,1,0,0.066,-0.043000000000000003,-0.008,0.009000000000000001,0.0,-0.0206,0.0206,11.47,-0.0045000000000000005,57032.0,0.0358,0.0,2563.0,56392.0,0.0291,0.47900000000000004,0.47800000000000004,0.0,-0.033,0.0,-0.48,10.148
53324511,1,0,0.085,-0.024,-0.002,0.009000000000000001,0.0,-0.0206,0.0206,11.47,-0.0045000000000000005,57252.0,0.0358,0.0,7394.0,56392.0,0.0291,0.47900000000000004,0.47800000000000004,0.0,-0.033,0.0,-0.439,10.148
53329511,1,0,-0.062,-0.024,0.01,0.009000000000000001,0.0,-0.0199,0.0199,11.47,-0.004200000000000001,57252.0,0.0358,0.0,12394.0,56392.0,0.0281,0.4797,0.48100000000000004,0.0,-0.012,0.0,-0.008,10.148
53333511,1,0,0.091,-0.037,-0.015,0.008,0.0,-0.0219,0.0218,11.5,-0.004,57252.0,0.038700000000000005,0.0,16394.0,56180.0,0.0309,0.4797,0.48100000000000004,0.0,-0.012,0.0,-0.296,10.148
53337514,1,0,-0.047,-0.026000000000000002,0.009000000000000001,0.008,0.0,-0.020200000000000003,0.020200000000000003,11.5,-0.004,57252.0,0.0359,0.0,0.0,56392.0,0.0285,0.4812,0.48400000000000004,0.0,0.021,0.0,0.016,10.236
53340087,1,0,0.10200000000000001,-0.029,0.001,0.008,0.0,-0.020200000000000003,0.020200000000000003,11.5,-0.0038,57252.0,0.0359,0.0,2573.0,56392.0,0.0286,0.4812,0.48400000000000004,0.0,0.021,0.0,-0.423,10.236
53344554,1,0,-0.075,-0.036000000000000004,-0.002,0.008,0.0,-0.020200000000000003,0.020200000000000003,11.5,-0.0038,57032.0,0.0359,0.0,7040.0,56392.0,0.0285,0.4812,0.48400000000000004,0.0,0.021,0.0,-0.097,10.236
53349510,1,0,0.015,-0.036000000000000004,-0.006,0.007,0.0,-0.0189,0.0189,11.5,-0.0035,57032.0,0.0332,0.0,11996.0,56392.0,0.0267,0.4822,0.48400000000000004,0.0,0.036000000000000004,0.0,-0.17,10.236
53353511,1,0,0.031,-0.019,0.008,0.007,0.0,-0.0198,0.0198,11.5,-0.0036000000000000003,57252.0,0.0359,0.0,15997.0,56392.0,0.028,0.4822,0.48400000000000004,0.0,0.036000000000000004,0.0,-0.04,10.236
53357513,1,0,-0.03,-0.038,-0.01,0.007,0.0,-0.019,0.019,11.5,-0.0033,57252.0,0.0332,0.0,0.0,56392.0,0.0268,0.48250000000000004,0.48300000000000004,0.0,0.035,0.0,-0.23600000000000002,10.161
53362149,1,0,0.101,-0.024,0.006,0.007,0.0,-0.0187,0.0187,11.5,-0.0032,57252.0,0.0332,0.0,4636.0,56604.0,0.0264,0.48250000000000004,0.48300000000000004,0.0,0.035,0.0,-0.373,10.161
53364511,1,0,0.0,-0.04,0.0,0.006,0.0,-0.0184,0.0184,11.5,-0.0031000000000000003,56816.0,0.0332,0.0,6998.0,56180.0,0.026000000000000002,0.48250000000000004,0.48300000000000004,0.0,0.035,0.0,-0.256,10.161
53368512,1,0,0.052000000000000005,-0.028,0.006,0.006,0.0,-0.0177,0.0177,11.5,-0.0031000000000000003,57252.0,0.0304,0.0,10999.0,56392.0,0.0251,0.48200000000000004,0.48100000000000004,0.0,0.018000000000000002,0.0,-0.115,10.161
53373109,1,0,-0.09,-0.047,-0.002,0.006,0.0,-0.0194,0.0194,11.5,-0.0029000000000000002,57472.0,0.0332,0.0,15596.0,56392.0,0.0274,0.48200000000000004,0.48100000000000004,0.0,0.018000000000000002,0.0,0.059000000000000004,10.161
53377238,1,0,0.10300000000000001,-0.01,0.005,0.006,0.0,-0.019100000000000002,0.019100000000000002,11.5,-0.0027,57252.0,0.0332,0.0,0.0,56392.0,0.027,0.4806,0.47800000000000004,0.0,-0.014,0.0,-0.191,10.161
53381511,1,0,-0.091,-0.034,0.006,0.006,0.0,-0.0207,0.0207,11.5,-0.0028,57032.0,0.0359,0.0,4273.0,56392.0,0.029300000000000003,0.4806,0.47800000000000004,0.0,-0.014,0.0,0.038,10.204
53385513,1,0,0.082,-0.005,0.002,0.005,0.0,-0.018500000000000003,0.018500000000000003,11.5,-0.0026000000000000003,57032.0,0.0332,0.0,8275.0,56392.0,0.0262,0.48040000000000005,0.48000000000000004,0.0,-0.015,0.0,-0.255,10.204
53390123,1,0,0.027,-0.022,0.008,0.006,0.0,-0.0195,0.0195,11.5,-0.0027,57032.0,0.0332,0.0,12885.0,56180.0,0.027600000000000003,0.48040000000000005,0.48000000000000004,0.0,-0.015,0.0,0.153,10.204
53392181,1,0,0.1,0.0,-0.001,0.005,0.0,-0.0189,0.0189,11.5,-0.0026000000000000003,57032.0,0.0332,0.0,14943.0,56392.0,0.0268,0.48040000000000005,0.48000000000000004,0.0,-0.015,0.0,-0.056,10.204
53397172,1,0,-0.009000000000000001,-0.015,0.014,0.006,0.0,-0.0195,0.0195,11.5,-0.0028,57252.0,0.0332,0.0,0.0,56392.0,0.027600000000000003,0.47950000000000004,0.47800000000000004,0.0,-0.028,0.0,-0.004,10.204
53402177,1,0,-0.065,-0.005,0.003,0.006,0.0,-0.0195,0.0195,11.5,-0.0028,57032.0,0.0332,0.0,5005.0,56604.0,0.027600000000000003,0.47950000000000004,0.47800000000000004,0.0,-0.028,0.0,-0.16,10.179
53404510,1,0,-0.022,-0.012,0.013000000000000001,0.006,0.0,-0.018500000000000003,0.018500000000000003,11.53,-0.0029000000000000002,57032.0,0.0333,0.0,7338.0,56392.0,0.0262,0.47950000000000004,0.47800000000000004,0.0,-0.028,0.0,0.064,10.179
53408552,1,0,0.094,0.025,-0.007,0.006,0.0,-0.0183,0.0183,11.53,-0.0028,57472.0,0.0333,0.0,11380.0,56392.0,0.025900000000000003,0.47800000000000004,0.47500000000000003,0.0,-0.055,0.0,-0.162,10.179
53413154,1,0,0.08,0.021,-0.002,0.006,0.0,-0.019700000000000002,0.019700000000000002,11.53,-0.0027,57032.0,0.036000000000000004,0.0,15982.0,56180.0,0.0279,0.47800000000000004,0.47500000000000003,0.0,-0.055,0.0,-0.014,10.179
53417186,1,0,-0.056,-0.002,-0.005,0.006,0.0,-0.02,0.02,11.53,-0.0027,57252.0,0.036000000000000004,0.0,0.0,56604.0,0.028300000000000002,0.4776,0.47700000000000004,0.0,-0.05,0.0,-0.049,10.179
53419680,1,0,-0.004,-0.008,-0.001,0.006,0.0,-0.0193,0.0193,11.53,-0.0027,57032.0,0.0333,0.0,2494.0,56392.0,0.027200000000000002,0.4776,0.47700000000000004,0.0,-0.05,0.0,0.043000000000000003,10.198
53424511,1,0,-0.04,0.001,-0.012,0.005,0.0,-0.0198,0.0198,11.53,-0.0026000000000000003,57032.0,0.036000000000000004,0.0,7325.0,56180.0,0.0281,0.4776,0.47700000000000004,0.0,-0.05,0.0,-0.019,10.198
53429151,1,0,0.08700000000000001,0.044,-0.014,0.005,0.0,-0.0194,0.0194,11.53,-0.0024000000000000002,57252.0,0.0333,0.0,11965.0,56392.0,0.0274,0.4781,0.47900000000000004,0.0,-0.031,0.0,-0.047,10.198
53434155,1,0,0.019,-0.02,0.006,0.005,0.0,-0.018500000000000003,0.018500000000000003,11.53,-0.0025,57252.0,0.0333,0.0,16969.0,56392.0,0.0262,0.4781,0.47900000000000004,0.0,-0.031,0.0,0.138,10.198
53436510,1,0,0.089,0.031,-0.009000000000000001,0.005,0.0,-0.018500000000000003,0.018500000000000003,11.53,-0.0024000000000000002,57032.0,0.0333,0.0,0.0,56604.0,0.0262,0.4788,0.48000000000000004,0.0,-0.011,0.0,-0.077,10.198
53440553,1,0,-0.025,-0.014,0.003,0.005,0.0,-0.0184,0.0184,11.540000000000001,-0.0024000000000000002,57252.0,0.0333,0.0,4043.0,56604.0,0.0261,0.4788,0.48000000000000004,0.0,-0.011,0.0,-0.054,10.203
53445185,1,0,0.043000000000000003,0.038,0.0,0.005,0.0,-0.0188,0.0188,11.540000000000001,-0.0024000000000000002,57252.0,0.0333,0.0,8675.0,56392.0,0.026500000000000003,0.4792,0.48000000000000004,0.0,0.0,0.0,-0.277,10.203
53449510,1,0,0.036000000000000004,-0.031,0.01,0.005,0.0,-0.0182,0.0182,11.540000000000001,-0.0024000000000000002,57252.0,0.0333,0.0,13000.0,56392.0,0.0258,0.4792,0.48000000000000004,0.0,0.0,0.0,0.101,10.203
53453512,1,0,0.002,0.013000000000000001,0.004,0.005,0.0,-0.019,0.019,11.540000000000001,-0.0023,57252.0,0.0333,0.0,17002.0,56392.0,0.0268,0.4792,0.48000000000000004,0.0,0.0,0.0,-0.085,10.203
53456169,1,0,0.001,-0.051000000000000004,0.024,0.005,0.0,-0.0195,0.0195,11.540000000000001,-0.0023,57472.0,0.0333,0.0,0.0,56604.0,0.027600000000000003,0.4791,0.47900000000000004,0.0,-0.002,0.0,0.154,10.203
53460172,1,0,-0.003,0.017,0.0,0.005,0.0,-0.019700000000000002,0.0196,11.540000000000001,-0.0022,57252.0,0.036000000000000004,0.0,4003.0,56392.0,0.027800000000000002,0.4791,0.47900000000000004,0.0,-0.002,0.0,-0.153,10.104000000000001
53464511,1,0,0.02,-0.024,0.008,0.004,0.0,-0.0206,0.0206,11.540000000000001,-0.0022,57252.0,0.036000000000000004,0.0,8342.0,56392.0,0.0291,0.4791,0.47900000000000004,0.0,-0.002,0.0,0.169,10.104000000000001
53469680,1,0,-0.069,-0.044,0.009000000000000001,0.005,0.0,-0.0212,0.0211,11.540000000000001,-0.0022,57252.0,0.036000000000000004,0.0,13511.0,56604.0,0.029900000000000003,0.4787,0.47800000000000004,0.0,-0.009000000000000001,0.0,0.106,10.104000000000001
53472552,1,0,-0.019,-0.046,0.012,0.005,0.0,-0.0213,0.0213,11.57,-0.0022,57252.0,0.038900000000000004,0.0,16383.0,56392.0,0.030100000000000002,0.4787,0.47800000000000004,0.0,-0.009000000000000001,0.0,0.218,10.104000000000001
53477230,1,0,-0.06,-0.065,0.021,0.005,0.0,-0.0206,0.0206,11.57,-0.0023,57252.0,0.0361,0.0,0.0,56392.0,0.0291,0.4778,0.47600000000000003,0.0,-0.026000000000000002,0.0,0.227,10.104000000000001
53481512,1,0,0.026000000000000002,0.057,-0.036000000000000004,0.005,0.0,-0.0221,0.0221,11.57,-0.0023,57252.0,0.038900000000000004,0.0,4282.0,56392.0,0.031200000000000002,0.4778,0.47600000000000003,0.0,-0.026000000000000002,0.0,-0.085,10.129
53484224,1,0,-0.061,-0.056,0.004,0.005,0.0,-0.0222,0.0221,11.57,-0.0024000000000000002,57032.0,0.038900000000000004,0.0,6994.0,56392.0,0.0313,0.4778,0.47600000000000003,0.0,-0.026000000000000002,0.0,0.136,10.129
53488510,1,0,0.029,0.059000000000000004,-0.028,0.005,0.0,-0.0228,0.0228,11.57,-0.0023,57252.0,0.0417,0.0,11280.0,56604.0,0.0323,0.4761,0.47300000000000003,0.0,-0.055,0.0,-0.111,10.129
53493199,1,0,-0.029,-0.051000000000000004,0.021,0.005,0.0,-0.0245,0.0245,11.57,-0.0024000000000000002,57472.0,0.044500000000000005,0.0,15969.0,56392.0,0.0346,0.4761,0.47300000000000003,0.0,-0.055,0.0,0.116,10.129
53497245,1,0,-0.028,0.033,-0.025,0.005,0.0,-0.024,0.0239,11.57,-0.0026000000000000003,57252.0,0.0417,0.0,0.0,56604.0,0.0339,0.4757,0.47500000000000003,0.0,-0.051000000000000004,0.0,-0.24,10.129
53501511,1,0,-0.035,-0.022,0.019,0.005,0.0,-0.0263,0.0263,11.57,-0.0026000000000000003,57032.0,0.0472,0.0,4266.0,56180.0,0.037200000000000004,0.4757,0.47500000000000003,0.0,-0.051000000000000004,0.0,0.124,10.133000000000001
53506208,1,0,-0.081,-0.056,0.02,0.006,0.0,-0.024900000000000002,0.024900000000000002,11.57,-0.0027,57252.0,0.044500000000000005,0.0,8963.0,56604.0,0.035300000000000005,0.4762,0.47700000000000004,0.0,-0.032,0.0,-0.005,10.133000000000001
53508508,1,0,-0.06,-0.032,0.034,0.006,0.0,-0.0264,0.0264,11.57,-0.0027,57472.0,0.0472,0.0,11263.0,56604.0,0.0373,0.4762,0.47700000000000004,0.0,-0.032,0.0,0.121,10.133000000000001
53513208,1,0,-0.062,-0.025,0.012,0.006,0.0,-0.027100000000000003,0.027100000000000003,11.57,-0.003,57032.0,0.0472,0.0,15963.0,56392.0,0.0383,0.4762,0.47700000000000004,0.0,-0.032,0.0,-0.193,10.133000000000001
53517260,1,0,-0.011,0.068,-0.001,0.006,0.0,-0.026500000000000003,0.026500000000000003,11.57,-0.0031000000000000003,57252.0,0.0472,0.0,0.0,56392.0,0.0375,0.4768,0.47800000000000004,0.0,-0.013000000000000001,0.0,-0.154,10.133000000000001
53519682,1,0,-0.009000000000000001,0.063,-0.019,0.007,0.0,-0.0269,0.0269,11.57,-0.0033,57252.0,0.0473,0.0,2422.0,56392.0,0.038,0.4768,0.47800000000000004,0.0,-0.013000000000000001,0.0,-0.306,10.166
53524508,1,0,-0.022,0.044,0.004,0.007,0.0,-0.026000000000000002,0.026000000000000002,11.57,-0.0034000000000000002,57252.0,0.0473,0.0,7248.0,56392.0,0.0368,0.4768,0.47800000000000004,0.0,-0.013000000000000001,0.0,0.002,10.166
53528508,1,0,-0.058,-0.037,0.016,0.007,0.0,-0.027600000000000003,0.027600000000000003,11.57,-0.0036000000000000003,57472.0,0.05,0.0,11248.0,56604.0,0.0391,0.4772,0.47800000000000004,0.0,-0.002,0.0,-0.081,10.166
53533225,1,0,0.003,0.089,-0.03,0.008,0.0,-0.027800000000000002,0.027800000000000002,11.57,-0.0038,57032.0,0.05,0.0,15965.0,56604.0,0.0393,0.4772,0.47800000000000004,0.0,-0.002,0.0,-0.195,10.166
53537354,1,0,-0.067,-0.037,0.022,0.008,0.0,-0.0286,0.0286,11.6,-0.0039000000000000003,57472.0,0.0502,0.0,0.0,56392.0,0.0405,0.4768,0.47600000000000003,0.0,-0.01,0.0,0.139,10.166
53542276,1,0,-0.017,0.021,-0.017,0.009000000000000001,0.0,-0.0285,0.0285,11.6,-0.0041,57032.0,0.0502,0.0,4922.0,56604.0,0.0403,0.4768,0.47600000000000003,0.0,-0.01,0.0,-0.262,10.149000000000001
53544511,1,0,-0.063,-0.034,0.019,0.009000000000000001,0.0,-0.029,0.029,11.6,-0.0041,57252.0,0.0502,0.0,7157.0,56604.0,0.041,0.4768,0.47600000000000003,0.0,-0.01,0.0,-0.018000000000000002,10.149000000000001
53549508,1,0,-0.008,0.047,-0.023,0.009000000000000001,0.0,-0.029900000000000003,0.029900000000000003,11.6,-0.0044,57032.0,0.0529,0.0,12154.0,56392.0,0.042300000000000004,0.47550000000000003,0.47300000000000003,0.0,-0.035,0.0,-0.431,10.149000000000001
53553509,1,0,-0.009000000000000001,0.053,0.016,0.009000000000000001,0.0,-0.027,0.027,11.6,-0.0045000000000000005,57032.0,0.047400000000000005,0.0,16155.0,56180.0,0.038200000000000005,0.47550000000000003,0.47300000000000003,0.0,-0.035,0.0,0.027,10.149000000000001
53557509,1,0,-0.007,0.005,-0.007,0.01,0.0,-0.027600000000000003,0.0275,11.6,-0.0046,57472.0,0.0502,0.0,0.0,56392.0,0.039,0.4753,0.47500000000000003,0.0,-0.031,0.0,-0.247,10.149000000000001
53561510,1,0,0.026000000000000002,0.10200000000000001,0.0,0.01,0.0,-0.0279,0.027800000000000002,11.6,-0.0046,57252.0,0.0502,0.0,4001.0,56604.0,0.039400000000000004,0.4753,0.47500000000000003,0.0,-0.031,0.0,0.038,10.175
53565510,1,0,-0.002,-0.019,0.019,0.01,0.0,-0.0273,0.0273,11.6,-0.0047,57252.0,0.047400000000000005,0.0,8001.0,56392.0,0.038700000000000005,0.47550000000000003,0.47600000000000003,0.0,-0.02,0.0,-0.106,10.175
53567728,1,0,-0.031,0.008,0.028,0.01,0.0,-0.0285,0.0285,11.6,-0.0047,57252.0,0.0502,0.0,10219.0,56392.0,0.040400000000000005,0.47550000000000003,0.47600000000000003,0.0,-0.02,0.0,0.221,10.175
53572297,1,0,0.036000000000000004,0.067,-0.005,0.01,0.0,-0.0323,0.0323,11.6,-0.005,57472.0,0.0585,0.0,14788.0,56392.0,0.045700000000000005,0.47550000000000003,0.47600000000000003,0.0,-0.02,0.0,-0.133,10.175
53576508,1,0,0.034,0.138,-0.005,0.011,0.0,-0.0313,0.0313,11.6,-0.0053,57252.0,0.0557,0.0,0.0,56604.0,0.0443,0.4761,0.47700000000000004,0.0,-0.006,0.0,-0.02,10.175
53580508,1,0,-0.017,-0.03,0.015,0.011,0.0,-0.0273,0.0273,11.6,-0.0054,57472.0,0.047400000000000005,0.0,4000.0,56392.0,0.0386,0.4761,0.47700000000000004,0.0,-0.006,0.0,-0.044,10.116
53585286,1,0,0.054,0.084,-0.013000000000000001,0.012,0.0,-0.028900000000000002,0.028900000000000002,11.6,-0.0057,57472.0,0.0502,0.0,8778.0,56392.0,0.0408,0.47640000000000005,0.47700000000000004,0.0,0.002,0.0,-0.295,10.116
53589508,1,0,-0.043000000000000003,-0.005,0.017,0.012,0.0,-0.0269,0.0269,11.6,-0.0057,57252.0,0.047400000000000005,0.0,13000.0,56604.0,0.038,0.47640000000000005,0.47700000000000004,0.0,0.002,0.0,-0.008,10.116
53593515,1,0,0.037,0.042,-0.018000000000000002,0.012,0.0,-0.0309,0.0309,11.6,-0.006,57472.0,0.0557,0.0,17007.0,56180.0,0.0437,0.47640000000000005,0.47700000000000004,0.0,0.002,0.0,-0.40800000000000003,10.116
53596271,1,0,-0.054,-0.02,0.004,0.013000000000000001,0.0,-0.0307,0.0307,11.6,-0.006,57472.0,0.0557,0.0,0.0,56604.0,0.0434,0.4763,0.47600000000000003,0.0,-0.001,0.0,0.078,10.116
53601554,1,0,0.046,0.036000000000000004,-0.016,0.013000000000000001,0.0,-0.0286,0.0286,11.6,-0.0063,57252.0,0.0502,0.0,5283.0,56604.0,0.0405,0.4763,0.47600000000000003,0.0,-0.001,0.0,-0.162,10.164
53604310,1,0,-0.064,0.017,0.002,0.013000000000000001,0.0,-0.0313,0.0313,11.63,-0.0063,57252.0,0.055900000000000005,0.0,8039.0,56392.0,0.0442,0.4763,0.47600000000000003,0.0,-0.001,0.0,0.059000000000000004,10.164
53608509,1,0,0.009000000000000001,0.002,-0.01,0.013000000000000001,0.0,-0.0327,0.0327,11.63,-0.006500000000000001,57252.0,0.0587,0.0,12238.0,56392.0,0.046200000000000005,0.4758,0.47500000000000003,0.0,-0.01,0.0,-0.47500000000000003,10.164
53613284,1,0,-0.029,0.066,-0.012,0.014,0.0,-0.0323,0.0323,11.63,-0.0068000000000000005,57252.0,0.0587,0.0,17013.0,56604.0,0.045700000000000005,0.4758,0.47500000000000003,0.0,-0.01,0.0,-0.039,10.164
53617328,1,0,-0.108,-0.043000000000000003,0.009000000000000001,0.015,0.0,-0.0349,0.0349,11.63,-0.007,57472.0,0.061500000000000006,0.0,0.0,56816.0,0.049300000000000004,0.47550000000000003,0.47500000000000003,0.0,-0.013000000000000001,0.0,-0.022,10.164
53619681,1,0,-0.10200000000000001,0.045,-0.003,0.015,0.0,-0.0349,0.0349,11.63,-0.007200000000000001,57472.0,0.061500000000000006,0.0,2353.0,56604.0,0.049300000000000004,0.47550000000000003,0.47500000000000003,0.0,-0.013000000000000001,0.0,0.199,10.164
53624507,1,0,-0.111,-0.066,0.015,0.016,0.0,-0.0332,0.0332,11.63,-0.007500000000000001,57472.0,0.0587,0.0,7179.0,56392.0,0.047,0.47550000000000003,0.47500000000000003,0.0,-0.013000000000000001,0.0,0.035,10.15
53628533,1,0,-0.049,0.085,-0.016,0.016,0.0,-0.038,0.038,11.63,-0.0079,57472.0,0.0671,0.0,11205.0,56604.0,0.0538,0.47500000000000003,0.47400000000000003,0.0,-0.021,0.0,-0.006,10.15
53633553,1,0,-0.127,-0.043000000000000003,0.012,0.017,0.0,-0.035500000000000004,0.035500000000000004,11.63,-0.008,57692.0,0.06430000000000001,0.0,16225.0,56604.0,0.0502,0.47500000000000003,0.47400000000000003,0.0,-0.021,0.0,-0.048,10.15
53636296,1,0,-0.025,0.069,-0.013000000000000001,0.017,0.0,-0.0366,0.0366,11.63,-0.0083,57252.0,0.06430000000000001,0.0,0.0,56392.0,0.0517,0.47500000000000003,0.47500000000000003,0.0,-0.017,0.0,-0.074,10.15
53640299,1,0,-0.112,-0.011,0.007,0.018000000000000002,0.0,-0.0357,0.0357,11.63,-0.008400000000000001,57252.0,0.06430000000000001,0.0,4003.0,56180.0,0.0505,0.47500000000000003,0.47500000000000003,0.0,-0.017,0.0,0.269,10.15
53644508,1,0,0.0,0.041,-0.008,0.018000000000000002,0.0,-0.0358,0.0358,11.63,-0.008700000000000001,57692.0,0.06430000000000001,0.0,8212.0,56392.0,0.0506,0.47500000000000003,0.47500000000000003,0.0,-0.017,0.0,-0.137,10.097
53648534,1,0,-0.099,0.026000000000000002,0.004,0.018000000000000002,0.0,-0.0379,0.0378,11.63,-0.0088,57472.0,0.0671,0.0,12238.0,56392.0,0.053500000000000006,0.47500000000000003,0.47500000000000003,0.0,-0.014,0.0,0.263,10.097
53653312,1,0,-0.046,-0.029,0.012,0.018000000000000002,0.0,-0.0361,0.0361,11.63,-0.0089,57472.0,0.06430000000000001,0.0,17016.0,56604.0,0.0511,0.47500000000000003,0.47500000000000003,0.0,-0.014,0.0,-0.18,10.097
53657356,1,0,-0.01,0.085,-0.015,0.019,0.0,-0.0374,0.0373,11.63,-0.0091,57472.0,0.0671,0.0,0.0,56604.0,0.0528,0.4753,0.47600000000000003,0.0,-0.004,0.0,0.13,10.097
53661510,1,0,-0.08,-0.019,0.02,0.019,0.0,-0.038,0.0379,11.63,-0.0091,57472.0,0.0671,0.0,4154.0,56604.0,0.053700000000000005,0.4753,0.47600000000000003,0.0,-0.004,0.0,0.152,10.141
53664358,1,0,-0.005,0.08,-0.003,0.019,0.0,-0.0356,0.0356,11.63,-0.0092,57032.0,0.06430000000000001,0.0,7002.0,56392.0,0.050300000000000004,0.4753,0.47600000000000003,0.0,-0.004,0.0,0.261,10.141
53668532,1,0,-0.046,-0.016,0.015,0.019,0.0,-0.0351,0.035,11.66,-0.0091,57472.0,0.0616,0.0,11176.0,56604.0,0.049600000000000005,0.4756,0.47600000000000003,0.0,0.001,0.0,-0.064,10.141
53673329,1,0,0.099,0.052000000000000005,-0.002,0.019,0.0,-0.0332,0.0332,11.66,-0.0092,57692.0,0.058800000000000005,0.0,15973.0,56604.0,0.046900000000000004,0.4756,0.47600000000000003,0.0,0.001,0.0,-0.189,10.141
53677375,1,0,-0.07200000000000001,0.007,0.026000000000000002,0.019,0.0,-0.031,0.031,11.66,-0.0092,57252.0,0.056,0.0,0.0,56604.0,0.0438,0.4761,0.47700000000000004,0.0,0.011,0.0,0.277,10.141
53681508,1,0,0.095,0.022,0.006,0.019,0.0,-0.0329,0.0329,11.67,-0.0092,57472.0,0.0589,0.0,4133.0,56604.0,0.0465,0.4761,0.47700000000000004,0.0,0.011,0.0,-0.277,10.163
53685509,1,0,-0.036000000000000004,0.028,0.021,0.019,0.0,-0.031100000000000003,0.031100000000000003,11.67,-0.009300000000000001,57472.0,0.056100000000000004,0.0,8134.0,56392.0,0.044000000000000004,0.47640000000000005,0.47700000000000004,0.0,0.015,0.0,0.2,10.163
53688332,1,0,0.084,0.029,0.002,0.02,0.0,-0.0332,0.033100000000000004,11.67,-0.0094,57692.0,0.0589,0.0,10957.0,56604.0,0.046900000000000004,0.47640000000000005,0.47700000000000004,0.0,0.015,0.0,-0.20600000000000002,10.163
53692393,1,0,-0.031,0.02,0.017,0.02,0.0,-0.0309,0.0309,11.67,-0.0095,57472.0,0.056100000000000004,0.0,15018.0,56604.0,0.0436,0.47640000000000005,0.47700000000000004,0.0,0.015,0.0,0.342,10.163
53696509,1,0,0.076,0.009000000000000001,0.003,0.02,0.0,-0.030600000000000002,0.030600000000000002,11.67,-0.0095,57692.0,0.054700000000000006,0.0,0.0,56392.0,0.043300000000000005,0.4766,0.47700000000000004,0.0,0.017,0.0,-0.023,10.163
53701346,1,0,0.03,0.045,0.006,0.02,0.0,-0.031400000000000004,0.0313,11.67,-0.0097,57472.0,0.056100000000000004,0.0,4837.0,56604.0,0.0443,0.4766,0.47700000000000004,0.0,0.017,0.0,0.126,10.069
53705508,1,0,-0.013000000000000001,-0.011,-0.002,0.02,0.0,-0.0308,0.0308,11.67,-0.0097,57252.0,0.056100000000000004,0.0,8999.0,56392.0,0.0436,0.47640000000000005,0.47600000000000003,0.0,0.009000000000000001,0.0,-0.114,10.069
53709509,1,0,0.052000000000000005,0.037,-0.014,0.02,0.0,-0.0316,0.0316,11.67,-0.0098,57472.0,0.056100000000000004,0.0,13000.0,56604.0,0.044700000000000004,0.47640000000000005,0.47600000000000003,0.0,0.009000000000000001,0.0,-0.14,10.069
53712396,1,0,-0.024,-0.011,-0.006,0.02,0.0,-0.0333,0.0333,11.67,-0.0098,57472.0,0.0589,0.0,15887.0,56392.0,0.0471,0.47640000000000005,0.47600000000000003,0.0,0.009000000000000001,0.0,-0.079,10.069
53716507,1,0,0.04,0.034,-0.017,0.021,0.0,-0.0313,0.0313,11.67,-0.01,57252.0,0.056100000000000004,0.0,0.0,56180.0,0.0443,0.47590000000000005,0.47500000000000003,0.0,-0.003,0.0,0.138,10.069
53720509,1,0,-0.09,-0.019,-0.013000000000000001,0.021,0.0,-0.0333,0.0333,11.67,-0.01,57472.0,0.0589,0.0,4002.0,56392.0,0.0471,0.47590000000000005,0.47500000000000003,0.0,-0.003,0.0,0.121,10.069
53725360,1,0,0.064,-0.013000000000000001,-0.015,0.021,0.0,-0.031100000000000003,0.031100000000000003,11.67,-0.010100000000000001,57692.0,0.056100000000000004,0.0,8853.0,56392.0,0.044000000000000004,0.4752,0.47400000000000003,0.0,-0.015,0.0,-0.257,10.162
53729552,1,0,-0.131,-0.018000000000000002,-0.009000000000000001,0.021,0.0,-0.0335,0.0335,11.67,-0.0103,57692.0,0.0589,0.0,13045.0,56392.0,0.047400000000000005,0.4752,0.47400000000000003,0.0,-0.015,0.0,-0.017,10.162
53732409,1,0,0.075,-0.014,-0.009000000000000001,0.022,0.0,-0.0333,0.0333,11.67,-0.010400000000000001,57472.0,0.0589,0.0,15902.0,56604.0,0.0471,0.4752,0.47400000000000003,0.0,-0.015,0.0,-0.122,10.162
53736508,1,0,-0.113,-0.017,0.008,0.022,0.0,-0.031100000000000003,0.031100000000000003,11.700000000000001,-0.0105,57472.0,0.0562,0.0,0.0,56392.0,0.0439,0.47550000000000003,0.47600000000000003,0.0,-0.007,0.0,0.34700000000000003,10.162
53741374,1,0,-0.001,-0.042,-0.01,0.022,0.0,-0.0315,0.0315,11.700000000000001,-0.0105,57472.0,0.0562,0.0,4866.0,56604.0,0.044500000000000005,0.47550000000000003,0.47600000000000003,0.0,-0.007,0.0,-0.201,10.162
53745507,1,0,-0.005,-0.015,0.005,0.022,0.0,-0.030000000000000002,0.030000000000000002,11.700000000000001,-0.0105,57472.0,0.0534,0.0,8999.0,56604.0,0.0424,0.47600000000000003,0.47700000000000004,0.0,0.005,0.0,-0.018000000000000002,10.154
53750378,1,0,-0.089,-0.027,0.008,0.022,0.0,-0.031900000000000005,0.031900000000000005,11.700000000000001,-0.010400000000000001,57472.0,0.0562,0.0,13870.0,56604.0,0.0451,0.47600000000000003,0.47700000000000004,0.0,0.005,0.0,-0.088,10.154
53752424,1,0,-0.025,-0.013000000000000001,0.006,0.022,0.0,-0.031100000000000003,0.031100000000000003,11.700000000000001,-0.010400000000000001,57472.0,0.0562,0.0,15916.0,56604.0,0.044000000000000004,0.47600000000000003,0.47700000000000004,0.0,0.005,0.0,0.003,10.154
53756507,1,0,-0.035,-0.025,-0.005,0.021,0.0,-0.031200000000000002,0.031200000000000002,11.700000000000001,-0.010100000000000001,57472.0,0.0562,0.0,0.0,56604.0,0.0441,0.4757,0.47500000000000003,0.0,-0.003,0.0,-0.193,10.154
53761552,1,0,-0.001,-0.015,0.01,0.021,0.0,-0.0309,0.0309,11.700000000000001,-0.010100000000000001,57472.0,0.0562,0.0,5045.0,56604.0,0.0436,0.4757,0.47500000000000003,0.0,-0.003,0.0,0.0,10.154
53764430,1,0,-0.069,-0.03,-0.003,0.021,0.0,-0.029300000000000003,0.029300000000000003,11.700000000000001,-0.0099,57472.0,0.0534,0.0,7923.0,56604.0,0.0415,0.4757,0.47500000000000003,0.0,-0.003,0.0,-0.051000000000000004,10.128
53768532,1,0,0.041,-0.004,-0.006,0.021,0.0,-0.029500000000000002,0.029500000000000002,11.700000000000001,-0.0099,57252.0,0.0534,0.0,12025.0,56816.0,0.041800000000000004,0.4751,0.47400000000000003,0.0,-0.014,0.0,0.012,10.128
53773392,1,0,-0.075,-0.037,0.008,0.021,0.0,-0.027200000000000002,0.027200000000000002,11.700000000000001,-0.0099,57692.0,0.0478,0.0,16885.0,56816.0,0.038400000000000004,0.4751,0.47400000000000003,0.0,-0.014,0.0,0.165,10.128
53777441,1,0,0.058,0.007,0.004,0.02,0.0,-0.0287,0.0287,11.700000000000001,-0.0098,57692.0,0.0506,0.0,0.0,56816.0,0.040600000000000004,0.4751,0.47500000000000003,0.0,-0.012,0.0,-0.251,10.128
53782445,1,0,0.034,-0.007,0.002,0.02,0.0,-0.0273,0.0273,11.700000000000001,-0.0098,57692.0,0.0478,0.0,5004.0,56392.0,0.0386,0.4751,0.47500000000000003,0.0,-0.012,0.0,-0.051000000000000004,10.128
53784467,1,0,0.097,0.008,-0.003,0.02,0.0,-0.0262,0.0262,11.700000000000001,-0.0097,57692.0,0.0478,0.0,7026.0,56604.0,0.037000000000000005,0.4761,0.47800000000000004,0.0,0.011,0.0,-0.308,10.118
53788530,1,0,-0.043000000000000003,-0.027,0.019,0.02,0.0,-0.0269,0.0269,11.700000000000001,-0.0097,57472.0,0.0478,0.0,11089.0,56604.0,0.038,0.4761,0.47800000000000004,0.0,0.011,0.0,0.066,10.118
53793554,1,0,0.079,0.013000000000000001,0.0,0.02,0.0,-0.027,0.027,11.700000000000001,-0.0095,57472.0,0.0478,0.0,16113.0,56604.0,0.038200000000000005,0.4761,0.47800000000000004,0.0,0.011,0.0,-0.22,10.118
53796411,1,0,-0.017,-0.021,0.016,0.02,0.0,-0.0273,0.027200000000000002,11.700000000000001,-0.0095,57472.0,0.0478,0.0,0.0,56604.0,0.0385,0.4778,0.48100000000000004,0.0,0.043000000000000003,0.0,-0.027,10.118
53801414,1,0,-0.027,-0.021,0.004,0.019,0.0,-0.026600000000000002,0.026600000000000002,11.73,-0.0094,57692.0,0.047900000000000005,0.0,5003.0,56604.0,0.0376,0.4778,0.48100000000000004,0.0,0.043000000000000003,0.0,-0.297,10.118
53805417,1,0,0.082,0.019,0.011,0.019,0.0,-0.0263,0.0263,11.73,-0.009300000000000001,57692.0,0.047900000000000005,0.0,9006.0,56604.0,0.037200000000000004,0.47750000000000004,0.47700000000000004,0.0,0.029,0.0,-0.114,10.199
53809506,1,0,-0.045,-0.026000000000000002,0.005,0.019,0.0,-0.025900000000000003,0.025900000000000003,11.73,-0.009300000000000001,57472.0,0.0451,0.0,13095.0,56604.0,0.0366,0.47750000000000004,0.47700000000000004,0.0,0.029,0.0,-0.052000000000000005,10.199
53812466,1,0,0.062,0.016,0.011,0.019,0.0,-0.0262,0.0262,11.73,-0.009300000000000001,57692.0,0.047900000000000005,0.0,16055.0,56604.0,0.0371,0.47750000000000004,0.47700000000000004,0.0,0.029,0.0,0.053,10.199
53816506,1,0,-0.027,-0.013000000000000001,0.007,0.019,0.0,-0.0264,0.0264,11.73,-0.009300000000000001,57472.0,0.047900000000000005,0.0,0.0,56604.0,0.0373,0.47590000000000005,0.47300000000000003,0.0,-0.009000000000000001,0.0,-0.017,10.199
53820506,1,0,0.09,0.028,-0.006,0.019,0.0,-0.025400000000000002,0.025400000000000002,11.73,-0.009300000000000001,57472.0,0.0451,0.0,4000.0,56604.0,0.036000000000000004,0.47590000000000005,0.47300000000000003,0.0,-0.009000000000000001,0.0,-0.057,10.199
53825554,1,0,-0.02,-0.026000000000000002,0.01,0.02,0.0,-0.024900000000000002,0.024900000000000002,11.73,-0.0094,57472.0,0.0451,0.0,9048.0,56604.0,0.0352,0.47600000000000003,0.47600000000000003,0.0,-0.006,0.0,-0.011,10.079
53828430,1,0,0.106,0.028,-0.001,0.019,0.0,-0.0234,0.0234,11.73,-0.009300000000000001,57692.0,0.042300000000000004,0.0,11924.0,56816.0,0.033,0.47600000000000003,0.47600000000000003,0.0,-0.006,0.0,-0.063,10.079
53832482,1,0,-0.01,-0.038,0.003,0.019,0.0,-0.0253,0.0253,11.73,-0.0092,57692.0,0.0451,0.0,15976.0,56816.0,0.0358,0.47600000000000003,0.47600000000000003,0.0,-0.006,0.0,0.183,10.079
53837486,1,0,0.032,0.005,-0.013000000000000001,0.019,0.0,-0.0261,0.0261,11.73,-0.009000000000000001,57472.0,0.047900000000000005,0.0,0.0,56816.0,0.0369,0.4767,0.47800000000000004,0.0,0.009000000000000001,0.0,-0.08700000000000001,10.079
53841507,1,0,0.049,-0.017,-0.002,0.018000000000000002,0.0,-0.025900000000000003,0.025900000000000003,11.73,-0.0088,57692.0,0.0451,0.0,4021.0,56816.0,0.0366,0.4767,0.47800000000000004,0.0,0.009000000000000001,0.0,0.159,10.079
53846445,1,0,-0.037,-0.052000000000000005,-0.006,0.018000000000000002,0.0,-0.027100000000000003,0.027100000000000003,11.73,-0.0088,57472.0,0.047900000000000005,0.0,8959.0,56604.0,0.0383,0.4761,0.47500000000000003,0.0,-0.004,0.0,0.149,10.068
53848446,1,0,0.037,-0.036000000000000004,0.0,0.018000000000000002,0.0,-0.025400000000000002,0.025400000000000002,11.73,-0.008700000000000001,57692.0,0.0451,0.0,10960.0,56816.0,0.0359,0.4761,0.47500000000000003,0.0,-0.004,0.0,0.31,10.068
53852497,1,0,-0.013000000000000001,-0.009000000000000001,-0.008,0.018000000000000002,0.0,-0.025500000000000002,0.025500000000000002,11.73,-0.008700000000000001,57472.0,0.0451,0.0,15011.0,56816.0,0.036000000000000004,0.4761,0.47500000000000003,0.0,-0.004,0.0,0.068,10.068
53857552,1,0,0.044,-0.03,-0.013000000000000001,0.018000000000000002,0.0,-0.025400000000000002,0.025400000000000002,11.73,-0.0085,57252.0,0.0451,0.0,0.0,56604.0,0.0359,0.4743,0.47100000000000003,0.0,-0.039,0.0,0.228,10.068
53860455,1,0,-0.03,-0.036000000000000004,-0.013000000000000001,0.018000000000000002,0.0,-0.0239,0.0239,11.73,-0.0085,57692.0,0.042300000000000004,0.0,2903.0,57032.0,0.033800000000000004,0.4743,0.47100000000000003,0.0,-0.039,0.0,-0.007,10.068
53864520,1,0,0.054,-0.004,0.005,0.017,0.0,-0.0257,0.0257,11.76,-0.0083,57472.0,0.045200000000000004,0.0,6968.0,56392.0,0.0363,0.4738,0.47300000000000003,0.0,-0.04,0.0,0.099,10.068
53869680,1,0,-0.012,-0.082,0.02,0.017,0.0,-0.023100000000000002,0.023100000000000002,11.76,-0.0082,57472.0,0.0424,0.0,12128.0,56816.0,0.0327,0.4738,0.47300000000000003,0.0,-0.04,0.0,0.163,10.084
53872511,1,0,0.076,0.02,-0.02,0.017,0.0,-0.023100000000000002,0.023100000000000002,11.76,-0.008,57692.0,0.0424,0.0,14959.0,56604.0,0.0327,0.4738,0.47300000000000003,0.0,-0.04,0.0,0.005,10.084
53877513,1,0,-0.005,-0.069,0.034,0.016,0.0,-0.0258,0.0258,11.76,-0.0078000000000000005,57692.0,0.045200000000000004,0.0,0.0,56604.0,0.036500000000000005,0.47390000000000004,0.47400000000000003,0.0,-0.031,0.0,0.305,10.084
53880469,1,0,0.057,0.022,-0.007,0.016,0.0,-0.024,0.024,11.76,-0.0077,57472.0,0.0424,0.0,2956.0,56604.0,0.034,0.47390000000000004,0.47400000000000003,0.0,-0.031,0.0,-0.115,10.084
53884520,1,0,-0.021,-0.088,0.01,0.016,0.0,-0.0238,0.0238,11.76,-0.007500000000000001,57692.0,0.0424,0.0,7007.0,56816.0,0.0337,0.4746,0.47600000000000003,0.0,-0.01,0.0,0.152,10.084
53889553,1,0,0.028,0.02,-0.015,0.015,0.0,-0.025,0.025,11.77,-0.0074,57692.0,0.045200000000000004,0.0,12040.0,56816.0,0.035300000000000005,0.4746,0.47600000000000003,0.0,-0.01,0.0,-0.2,10.17
53892525,1,0,-0.014,-0.068,0.026000000000000002,0.015,0.0,-0.0247,0.0247,11.77,-0.007200000000000001,57692.0,0.045200000000000004,0.0,15012.0,56604.0,0.0349,0.4746,0.47600000000000003,0.0,-0.01,0.0,0.053,10.17
53897530,1,0,-0.026000000000000002,-0.069,-0.011,0.015,0.0,-0.0236,0.0236,11.77,-0.0071,57692.0,0.0424,0.0,0.0,56604.0,0.0333,0.4758,0.47800000000000004,0.0,0.015,0.0,-0.313,10.17
53900481,1,0,0.006,-0.03,0.01,0.015,0.0,-0.0238,0.0238,11.77,-0.007,57692.0,0.0424,0.0,2951.0,56816.0,0.0337,0.4758,0.47800000000000004,0.0,0.015,0.0,-0.077,10.17
53904554,1,0,-0.021,-0.033,0.003,0.015,0.0,-0.0256,0.0256,11.77,-0.0071,57692.0,0.045200000000000004,0.0,7024.0,56604.0,0.0362,0.4766,0.47800000000000004,0.0,0.027,0.0,-0.308,10.17
53910491,1,0,0.019,0.032,-0.028,0.015,0.0,-0.0233,0.0233,11.77,-0.0071,57692.0,0.0424,0.0,12961.0,56816.0,0.033,0.4766,0.47800000000000004,0.0,0.027,0.0,-0.138,10.13
53912551,1,0,-0.028,-0.08,0.006,0.015,0.0,-0.0239,0.0238,11.77,-0.007,57692.0,0.0424,0.0,15021.0,56816.0,0.0337,0.4766,0.47800000000000004,0.0,0.027,0.0,0.036000000000000004,10.13
53917542,1,0,0.023,0.047,-0.01,0.014,0.0,-0.024300000000000002,0.024300000000000002,11.77,-0.006900000000000001,57472.0,0.0424,0.0,0.0,56816.0,0.0344,0.4771,0.47800000000000004,0.0,0.032,0.0,-0.233,10.13
53919680,1,0,-0.033,-0.055,0.014,0.014,0.0,-0.026000000000000002,0.026000000000000002,11.77,-0.006900000000000001,57692.0,0.048100000000000004,0.0,2138.0,57032.0,0.0368,0.4771,0.47800000000000004,0.0,0.032,0.0,-0.166,10.13
53925502,1,0,0.026000000000000002,0.022,-0.009000000000000001,0.015,0.0,-0.023700000000000002,0.023700000000000002,11.77,-0.007,57692.0,0.0424,0.0,7960.0,57032.0,0.0335,0.47700000000000004,0.47700000000000004,0.0,0.025,0.0,-0.368,10.13
53930506,1,0,0.026000000000000002,0.04,0.005,0.014,0.0,-0.0253,0.0253,11.77,-0.0068000000000000005,57472.0,0.045200000000000004,0.0,12964.0,57032.0,0.0358,0.47700000000000004,0.47700000000000004,0.0,0.025,0.0,0.061,10.038
53932552,1,0,0.038,0.051000000000000004,-0.023,0.014,0.0,-0.025,0.025,11.8,-0.006900000000000001,57692.0,0.0454,0.0,15010.0,56816.0,0.0354,0.47700000000000004,0.47700000000000004,0.0,0.025,0.0,-0.202,10.038
53937556,1,0,0.009000000000000001,0.022,0.006,0.014,0.0,-0.024800000000000003,0.024800000000000003,11.8,-0.0067,57692.0,0.0454,0.0,0.0,56604.0,0.0351,0.4767,0.47600000000000003,0.0,0.013000000000000001,0.0,0.169,10.038
53940513,1,0,0.037,0.009000000000000001,0.001,0.014,0.0,-0.0241,0.0241,11.8,-0.0067,57692.0,0.0425,0.0,2957.0,56816.0,0.034,0.4767,0.47600000000000003,0.0,0.013000000000000001,0.0,-0.299,10.038
53944600,1,0,-0.013000000000000001,-0.001,0.01,0.014,0.0,-0.0246,0.0246,11.8,-0.0066,57472.0,0.0454,0.0,7044.0,56604.0,0.034800000000000005,0.4761,0.47500000000000003,0.0,-0.002,0.0,0.077,10.038
53950519,1,0,-0.031,-0.066,0.022,0.014,0.0,-0.0256,0.025500000000000002,11.8,-0.0066,57692.0,0.0454,0.0,12963.0,56604.0,0.0361,0.4761,0.47500000000000003,0.0,-0.002,0.0,0.154,10.07
53952566,1,0,0.011,0.047,0.005,0.014,0.0,-0.024300000000000002,0.024300000000000002,11.8,-0.0066,57472.0,0.0425,0.0,15010.0,57032.0,0.034300000000000004,0.4761,0.47500000000000003,0.0,-0.002,0.0,0.085,10.07
53957570,1,0,-0.021,-0.066,0.018000000000000002,0.014,0.0,-0.024800000000000003,0.024800000000000003,11.8,-0.006500000000000001,57692.0,0.0454,0.0,0.0,56816.0,0.0351,0.47540000000000004,0.47400000000000003,0.0,-0.018000000000000002,0.0,-0.019,10.07
53960526,1,0,0.027,0.079,-0.027,0.014,0.0,-0.0256,0.0256,11.8,-0.0066,57692.0,0.0454,0.0,2956.0,56392.0,0.0362,0.47540000000000004,0.47400000000000003,0.0,-0.018000000000000002,0.0,-0.2,10.07
53965494,1,0,-0.029,-0.039,0.03,0.014,0.0,-0.025500000000000002,0.025400000000000002,11.8,-0.0066,57692.0,0.0454,0.0,7924.0,56816.0,0.036000000000000004,0.4756,0.47600000000000003,0.0,-0.01,0.0,0.128,10.07
53969680,1,0,0.055,0.028,-0.025,0.014,0.0,-0.024300000000000002,0.024300000000000002,11.8,-0.0068000000000000005,57692.0,0.0425,0.0,12110.0,56816.0,0.0344,0.4756,0.47600000000000003,0.0,-0.01,0.0,-0.278,10.048
53972581,1,0,-0.03,-0.05,0.009000000000000001,0.014,0.0,-0.0252,0.0252,11.8,-0.0067,57692.0,0.0454,0.0,15011.0,57032.0,0.0357,0.4756,0.47600000000000003,0.0,-0.01,0.0,-0.062,10.048
53977584,1,0,0.035,-0.007,-0.003,0.014,0.0,-0.026600000000000002,0.026600000000000002,11.8,-0.0068000000000000005,57472.0,0.0482,0.0,0.0,56816.0,0.0376,0.4761,0.47700000000000004,0.0,0.002,0.0,-0.627,10.048
53980540,1,0,-0.05,-0.007,0.024,0.014,0.0,-0.027800000000000002,0.027800000000000002,11.8,-0.0068000000000000005,57692.0,0.051000000000000004,0.0,2956.0,56816.0,0.039400000000000004,0.4761,0.47700000000000004,0.0,0.002,0.0,0.017,10.048
53984604,1,0,0.059000000000000004,0.005,-0.019,0.014,0.0,-0.025400000000000002,0.025400000000000002,11.8,-0.006900000000000001,57692.0,0.0454,0.0,7020.0,56816.0,0.0359,0.47640000000000005,0.47700000000000004,0.0,0.008,0.0,-0.422,10.048
53989546,1,0,0.015,0.081,-0.005,0.014,0.0,-0.026500000000000003,0.026500000000000003,11.8,-0.006900000000000001,57916.0,0.0482,0.0,11962.0,56604.0,0.0375,0.47640000000000005,0.47700000000000004,0.0,0.008,0.0,-0.055,10.144
53993560,1,0,-0.034,-0.058,0.02,0.014,0.0,-0.0286,0.0286,11.8,-0.0068000000000000005,57692.0,0.051000000000000004,0.0,15976.0,57032.0,0.0405,0.47640000000000005,0.47700000000000004,0.0,0.008,0.0,-0.11900000000000001,10.144
53996552,1,0,0.001,0.076,-0.012,0.014,0.0,-0.0275,0.0275,11.83,-0.006900000000000001,57692.0,0.0483,0.0,0.0,56604.0,0.0388,0.4766,0.47700000000000004,0.0,0.011,0.0,0.03,10.144
54000556,1,0,-0.013000000000000001,-0.058,0.004,0.014,0.0,-0.027200000000000002,0.027100000000000003,11.83,-0.006900000000000001,57692.0,0.0483,0.0,4004.0,56604.0,0.038400000000000004,0.4766,0.47700000000000004,0.0,0.011,0.0,-0.323,10.144
54005559,1,0,0.069,0.069,-0.006,0.015,0.0,-0.0286,0.0286,11.83,-0.0071,57692.0,0.0512,0.0,9007.0,56604.0,0.040400000000000005,0.4771,0.47800000000000004,0.0,0.018000000000000002,0.0,-0.323,10.144
54007607,1,0,0.011,-0.039,0.007,0.015,0.0,-0.0285,0.0285,11.83,-0.007,57692.0,0.0512,0.0,11055.0,56604.0,0.0403,0.4771,0.47800000000000004,0.0,0.018000000000000002,0.0,-0.247,10.144
54012607,1,0,0.065,0.077,-0.022,0.015,0.0,-0.0287,0.0287,11.83,-0.007200000000000001,57916.0,0.0512,0.0,16055.0,56816.0,0.040600000000000004,0.4771,0.47800000000000004,0.0,0.018000000000000002,0.0,-0.21,10.054
54018758,1,0,-0.013000000000000001,0.083,-0.005,0.015,0.0,-0.0309,0.0309,11.83,-0.0073,57692.0,0.0568,0.0,0.0,56604.0,0.0437,0.47740000000000005,0.47800000000000004,0.0,0.021,0.0,-0.034,10.054
54020788,1,0,0.067,0.058,-0.011,0.015,0.0,-0.031200000000000002,0.031200000000000002,11.83,-0.0073,57692.0,0.0568,0.0,2030.0,56604.0,0.0441,0.47740000000000005,0.47800000000000004,0.0,0.021,0.0,-0.334,10.054
54025573,1,0,-0.055,0.051000000000000004,-0.009000000000000001,0.015,0.0,-0.030500000000000003,0.030500000000000003,11.83,-0.0074,57692.0,0.054,0.0,6815.0,56816.0,0.0431,0.47800000000000004,0.47900000000000004,0.0,0.028,0.0,0.321,10.054
54027620,1,0,0.065,0.055,-0.012,0.016,0.0,-0.0298,0.0298,11.83,-0.007500000000000001,57692.0,0.054,0.0,8862.0,56816.0,0.042100000000000005,0.47800000000000004,0.47900000000000004,0.0,0.028,0.0,-0.07200000000000001,10.054
54032661,1,0,-0.073,0.044,0.003,0.016,0.0,-0.030600000000000002,0.030500000000000003,11.83,-0.0076,57692.0,0.054,0.0,13903.0,56816.0,0.0432,0.47800000000000004,0.47900000000000004,0.0,0.028,0.0,0.28700000000000003,10.162
54037664,1,0,-0.053,-0.052000000000000005,0.01,0.016,0.0,-0.0307,0.0307,11.83,-0.0076,57692.0,0.0568,0.0,0.0,56816.0,0.043500000000000004,0.4783,0.47900000000000004,0.0,0.029,0.0,-0.158,10.162
54040582,1,0,-0.039,0.07,-0.008,0.016,0.0,-0.0318,0.0318,11.83,-0.0078000000000000005,57692.0,0.0568,0.0,2918.0,57032.0,0.045000000000000005,0.4783,0.47900000000000004,0.0,0.029,0.0,0.006,10.162
54045587,1,0,-0.089,-0.03,0.016,0.016,0.0,-0.0329,0.0329,11.83,-0.0078000000000000005,57692.0,0.0597,0.0,7923.0,56816.0,0.0466,0.47790000000000005,0.47700000000000004,0.0,0.014,0.0,0.125,10.162
54047635,1,0,-0.051000000000000004,0.056,-0.007,0.017,0.0,-0.032,0.031900000000000005,11.83,-0.008,57692.0,0.0568,0.0,9971.0,56816.0,0.045200000000000004,0.47790000000000005,0.47700000000000004,0.0,0.014,0.0,0.298,10.162
54052637,1,0,-0.07100000000000001,-0.034,0.023,0.017,0.0,-0.032600000000000004,0.0325,11.83,-0.0081,57472.0,0.0597,0.0,14973.0,56604.0,0.046,0.47790000000000005,0.47700000000000004,0.0,0.014,0.0,0.151,10.143
54055592,1,0,-0.012,0.078,-0.007,0.017,0.0,-0.0337,0.0337,11.83,-0.0083,57692.0,0.0597,0.0,0.0,56816.0,0.0476,0.47650000000000003,0.47400000000000003,0.0,-0.016,0.0,0.08700000000000001,10.143
54060597,1,0,-0.088,-0.018000000000000002,0.015,0.017,0.0,-0.033,0.033,11.83,-0.0083,57472.0,0.0597,0.0,5005.0,56604.0,0.046700000000000005,0.47650000000000003,0.47400000000000003,0.0,-0.016,0.0,0.039,10.143
54065599,1,0,0.016,-0.01,0.003,0.018000000000000002,0.0,-0.032600000000000004,0.032600000000000004,11.86,-0.0085,57692.0,0.059800000000000006,0.0,10007.0,57032.0,0.0461,0.4756,0.47400000000000003,0.0,-0.03,0.0,-0.259,10.143
54067648,1,0,-0.08,-0.024,0.019,0.018000000000000002,0.0,-0.0334,0.0334,11.86,-0.0085,57692.0,0.059800000000000006,0.0,12056.0,56604.0,0.0472,0.4756,0.47400000000000003,0.0,-0.03,0.0,0.14300000000000002,10.143
54072650,1,0,0.032,0.001,-0.004,0.018000000000000002,0.0,-0.0332,0.033100000000000004,11.86,-0.008700000000000001,57692.0,0.059800000000000006,0.0,17058.0,56816.0,0.046900000000000004,0.4756,0.47400000000000003,0.0,-0.03,0.0,-0.099,10.083
54077655,1,0,0.004,0.055,-0.008,0.018000000000000002,0.0,-0.033600000000000005,0.033600000000000005,11.86,-0.0089,57692.0,0.059800000000000006,0.0,0.0,57252.0,0.0475,0.4751,0.47400000000000003,0.0,-0.036000000000000004,0.0,0.179,10.083
54080610,1,0,0.003,-0.017,0.009000000000000001,0.018000000000000002,0.0,-0.033600000000000005,0.033600000000000005,11.86,-0.0089,57692.0,0.059800000000000006,0.0,2955.0,56816.0,0.0476,0.4751,0.47400000000000003,0.0,-0.036000000000000004,0.0,-0.17200000000000001,10.083
54085614,1,0,0.049,0.043000000000000003,-0.019,0.019,0.0,-0.032600000000000004,0.032600000000000004,11.86,-0.009000000000000001,57692.0,0.059800000000000006,0.0,7959.0,56816.0,0.0461,0.4743,0.47300000000000003,0.0,-0.043000000000000003,0.0,-0.182,10.083
54087662,1,0,0.015,-0.007,-0.002,0.019,0.0,-0.0341,0.034,11.86,-0.009000000000000001,57692.0,0.0627,0.0,10007.0,57032.0,0.0482,0.4743,0.47300000000000003,0.0,-0.043000000000000003,0.0,-0.228,10.083
54092703,1,0,0.063,0.035,-0.005,0.019,0.0,-0.0315,0.0315,11.86,-0.0091,57692.0,0.057,0.0,15048.0,56816.0,0.044500000000000005,0.4743,0.47300000000000003,0.0,-0.043000000000000003,0.0,0.003,10.078
54095595,1,0,-0.014,-0.016,0.0,0.019,0.0,-0.031900000000000005,0.031900000000000005,11.86,-0.0089,57692.0,0.057,0.0,0.0,57032.0,0.0451,0.47350000000000003,0.47200000000000003,0.0,-0.051000000000000004,0.0,-0.07100000000000001,10.078
54100625,1,0,0.098,0.026000000000000002,-0.012,0.019,0.0,-0.032600000000000004,0.032600000000000004,11.86,-0.009000000000000001,57692.0,0.059800000000000006,0.0,5030.0,56604.0,0.0461,0.47350000000000003,0.47200000000000003,0.0,-0.051000000000000004,0.0,-0.14100000000000001,10.078
54105629,1,0,-0.051000000000000004,0.024,0.007,0.019,0.0,-0.0329,0.0329,11.86,-0.009000000000000001,57692.0,0.059800000000000006,0.0,10034.0,56816.0,0.0465,0.47400000000000003,0.47500000000000003,0.0,-0.03,0.0,0.28800000000000003,10.078
54107675,1,0,0.076,0.025,-0.01,0.019,0.0,-0.0335,0.0335,11.86,-0.009000000000000001,57692.0,0.059800000000000006,0.0,12080.0,57032.0,0.047400000000000005,0.47400000000000003,0.47500000000000003,0.0,-0.03,0.0,-0.025,10.078
54112679,1,0,-0.052000000000000005,0.003,0.01,0.019,0.0,-0.0302,0.0302,11.86,-0.0089,57692.0,0.054200000000000005,0.0,17084.0,56816.0,0.0427,0.47400000000000003,0.47500000000000003,0.0,-0.03,0.0,0.268,10.115
54117679,1,0,-0.011,-0.019,0.001,0.018000000000000002,0.0,-0.033800000000000004,0.033800000000000004,11.86,-0.0088,57692.0,0.0613,0.0,0.0,56604.0,0.0478,0.47540000000000004,0.47800000000000004,0.0,0.004,0.0,-0.101,10.115
54119680,1,0,-0.062,-0.004,0.005,0.018000000000000002,0.0,-0.0322,0.032100000000000004,11.86,-0.0089,57692.0,0.057,0.0,2001.0,57032.0,0.0455,0.47540000000000004,0.47800000000000004,0.0,0.004,0.0,0.167,10.115
54125642,1,0,-0.044,-0.026000000000000002,0.005,0.018000000000000002,0.0,-0.031100000000000003,0.031100000000000003,11.86,-0.0088,57692.0,0.057,0.0,7963.0,57032.0,0.044000000000000004,0.4763,0.47800000000000004,0.0,0.021,0.0,0.054,10.115
54127680,1,0,-0.041,-0.003,0.014,0.019,0.0,-0.0316,0.0315,11.89,-0.0089,57692.0,0.0572,0.0,10001.0,57032.0,0.0446,0.4763,0.47800000000000004,0.0,0.021,0.0,0.248,10.115
54132721,1,0,-0.025,-0.035,-0.004,0.018000000000000002,0.0,-0.0303,0.0302,11.9,-0.0088,57692.0,0.0543,0.0,15042.0,56604.0,0.042800000000000005,0.4763,0.47800000000000004,0.0,0.021,0.0,-0.026000000000000002,10.141
54135649,1,0,0.0,0.0,0.008,0.019,0.0,-0.0309,0.0309,11.9,-0.0089,57692.0,0.0572,0.0,0.0,57252.0,0.0437,0.47690000000000005,0.47800000000000004,0.0,0.028,0.0,0.11,10.141
54140653,1,0,-0.054,-0.02,-0.001,0.018000000000000002,0.0,-0.0315,0.0315,11.9,-0.0088,57692.0,0.0572,0.0,5004.0,56816.0,0.044500000000000005,0.47690000000000005,0.47800000000000004,0.0,0.028,0.0,0.04,10.141
54145554,1,0,0.073,-0.007,-0.003,0.018000000000000002,0.0,-0.0308,0.0308,11.9,-0.008700000000000001,57692.0,0.0572,0.0,9905.0,56816.0,0.043500000000000004,0.4773,0.47800000000000004,0.0,0.03,0.0,-0.048,10.141
54147740,1,0,-0.051000000000000004,-0.018000000000000002,-0.007,0.018000000000000002,0.0,-0.0315,0.0315,11.9,-0.008700000000000001,57916.0,0.0572,0.0,12091.0,56816.0,0.044500000000000005,0.4773,0.47800000000000004,0.0,0.03,0.0,0.036000000000000004,10.141
54152742,1,0,0.063,-0.005,0.0,0.018000000000000002,0.0,-0.0317,0.0317,11.9,-0.008700000000000001,57916.0,0.0572,0.0,17093.0,56604.0,0.0448,0.4773,0.47800000000000004,0.0,0.03,0.0,-0.306,10.076
54155662,1,0,-0.073,-0.017,-0.007,0.018000000000000002,0.0,-0.0307,0.0307,11.9,-0.008700000000000001,57692.0,0.0572,0.0,0.0,56604.0,0.0434,0.47750000000000004,0.47800000000000004,0.0,0.029,0.0,-0.094,10.076
54160703,1,0,0.041,-0.007,-0.008,0.018000000000000002,0.0,-0.030500000000000003,0.030500000000000003,11.9,-0.008700000000000001,57692.0,0.0543,0.0,5041.0,57032.0,0.0432,0.47750000000000004,0.47800000000000004,0.0,0.029,0.0,-0.232,10.076
54165670,1,0,0.037,0.002,-0.004,0.018000000000000002,0.0,-0.0304,0.0303,11.9,-0.008700000000000001,57692.0,0.0543,0.0,10008.0,56816.0,0.0429,0.4777,0.47800000000000004,0.0,0.027,0.0,0.061,10.076
54167754,1,0,0.066,0.001,-0.004,0.018000000000000002,0.0,-0.029900000000000003,0.029900000000000003,11.9,-0.008700000000000001,57916.0,0.0543,0.0,12092.0,56816.0,0.042300000000000004,0.4777,0.47800000000000004,0.0,0.027,0.0,-0.132,10.076
54172564,1,0,-0.035,-0.017,-0.004,0.018000000000000002,0.0,-0.0292,0.0292,11.9,-0.008700000000000001,57692.0,0.0543,0.0,16902.0,56816.0,0.0412,0.4777,0.47800000000000004,0.0,0.027,0.0,0.157,10.005
54177553,1,0,-0.024,-0.025,0.006,0.018000000000000002,0.0,-0.028900000000000002,0.028900000000000002,11.9,-0.0086,57692.0,0.0514,0.0,0.0,56604.0,0.0408,0.4782,0.47900000000000004,0.0,0.03,0.0,-0.114,10.005
54179762,1,0,0.008,-0.013000000000000001,0.008,0.018000000000000002,0.0,-0.028900000000000002,0.028800000000000003,11.9,-0.0086,57692.0,0.0514,0.0,2209.0,57032.0,0.0408,0.4782,0.47900000000000004,0.0,0.03,0.0,-0.01,10.005
54184632,1,0,-0.051000000000000004,-0.04,0.003,0.018000000000000002,0.0,-0.027700000000000002,0.027700000000000002,11.9,-0.0085,57692.0,0.0514,0.0,7079.0,56816.0,0.0391,0.4782,0.47900000000000004,0.0,0.03,0.0,-0.081,10.005
54189679,1,0,0.075,-0.006,0.003,0.017,0.0,-0.027700000000000002,0.027700000000000002,11.9,-0.0083,57916.0,0.051500000000000004,0.0,12126.0,56816.0,0.0392,0.4788,0.48000000000000004,0.0,0.037,0.0,-0.151,10.171
54191679,1,0,-0.033,-0.037,0.012,0.017,0.0,-0.0273,0.0273,11.9,-0.0083,57916.0,0.048600000000000004,0.0,14126.0,56816.0,0.0386,0.4788,0.48000000000000004,0.0,0.037,0.0,-0.094,10.171
54196684,1,0,0.08700000000000001,-0.003,-0.003,0.017,0.0,-0.026500000000000003,0.026500000000000003,11.93,-0.0081,57692.0,0.0487,0.0,0.0,57032.0,0.0374,0.4796,0.48100000000000004,0.0,0.045,0.0,-0.28400000000000003,10.171
54200729,1,0,-0.036000000000000004,-0.046,0.004,0.017,0.0,-0.0253,0.0253,11.93,-0.008,57692.0,0.0459,0.0,4045.0,56816.0,0.0357,0.4796,0.48100000000000004,0.0,0.045,0.0,-0.003,10.171
54205515,1,0,0.068,-0.006,0.002,0.016,0.0,-0.025,0.025,11.93,-0.0078000000000000005,58140.0,0.0459,0.0,8831.0,57032.0,0.0354,0.4801,0.48100000000000004,0.0,0.046,0.0,-0.254,10.171
54209553,1,0,0.004,-0.039,0.008,0.016,0.0,-0.0241,0.0241,11.93,-0.0077,57916.0,0.043000000000000003,0.0,12869.0,56816.0,0.034,0.4801,0.48100000000000004,0.0,0.046,0.0,0.08,10.111
54211733,1,0,0.08600000000000001,0.0,-0.012,0.016,0.0,-0.0238,0.0238,11.93,-0.007500000000000001,57692.0,0.043000000000000003,0.0,15049.0,57032.0,0.0337,0.4801,0.48100000000000004,0.0,0.046,0.0,-0.137,10.111
54215739,1,0,-0.003,-0.058,0.002,0.015,0.0,-0.0223,0.0223,11.93,-0.0074,57916.0,0.040100000000000004,0.0,0.0,56816.0,0.0316,0.48000000000000004,0.48000000000000004,0.0,0.036000000000000004,0.0,0.094,10.111
54220679,1,0,0.06,0.001,-0.016,0.015,0.0,-0.023200000000000002,0.023200000000000002,11.93,-0.0071,57692.0,0.043000000000000003,0.0,4940.0,56816.0,0.0328,0.48000000000000004,0.48000000000000004,0.0,0.036000000000000004,0.0,-0.23700000000000002,10.111
54225553,1,0,0.077,-0.023,-0.005,0.014,0.0,-0.022600000000000002,0.022600000000000002,11.93,-0.006900000000000001,57916.0,0.040100000000000004,0.0,9814.0,57032.0,0.032,0.4793,0.47800000000000004,0.0,0.015,0.0,-0.122,10.111
54227790,1,0,-0.034,-0.022,-0.011,0.014,0.0,-0.0263,0.0263,11.93,-0.006900000000000001,57916.0,0.0487,0.0,12051.0,57032.0,0.037200000000000004,0.4793,0.47800000000000004,0.0,0.015,0.0,-0.427,10.111
54232553,1,0,0.065,-0.047,0.003,0.014,0.0,-0.022600000000000002,0.022600000000000002,11.93,-0.0068000000000000005,57692.0,0.040100000000000004,0.0,16814.0,57032.0,0.032,0.4793,0.47800000000000004,0.0,0.015,0.0,-0.101,10.137
54236553,1,0,-0.083,-0.048,0.003,0.014,0.0,-0.023700000000000002,0.023700000000000002,11.93,-0.006900000000000001,57916.0,0.043000000000000003,0.0,0.0,57032.0,0.0335,0.4796,0.48000000000000004,0.0,0.017,0.0,-0.333,10.137
54240754,1,0,0.07200000000000001,0.007,-0.019,0.014,0.0,-0.023,0.023,11.93,-0.0068000000000000005,58140.0,0.043000000000000003,0.0,4201.0,57032.0,0.0325,0.4796,0.48000000000000004,0.0,0.017,0.0,-0.11900000000000001,10.137
54245515,1,0,-0.079,-0.085,0.027,0.014,0.0,-0.0247,0.0247,11.93,-0.0068000000000000005,57916.0,0.0459,0.0,8962.0,57032.0,0.0349,0.48040000000000005,0.48200000000000004,0.0,0.03,0.0,0.09,10.137
54249553,1,0,0.036000000000000004,0.005,-0.018000000000000002,0.014,0.0,-0.0238,0.0238,11.93,-0.0067,57916.0,0.043000000000000003,0.0,13000.0,57252.0,0.0337,0.48040000000000005,0.48200000000000004,0.0,0.03,0.0,-0.194,10.137
54253730,1,0,0.04,-0.046,0.015,0.013000000000000001,0.0,-0.0195,0.0195,11.93,-0.0064,57916.0,0.0344,0.0,17177.0,57032.0,0.027600000000000003,0.48040000000000005,0.48200000000000004,0.0,0.03,0.0,0.186,10.137
54255767,1,0,0.046,0.021,-0.013000000000000001,0.013000000000000001,0.0,-0.0228,0.0228,11.93,-0.0063,57692.0,0.043000000000000003,0.0,0.0,56816.0,0.0322,0.4806,0.48100000000000004,0.0,0.028,0.0,-0.193,10.137
54260553,1,0,-0.023,-0.078,0.02,0.013000000000000001,0.0,-0.025500000000000002,0.025500000000000002,11.93,-0.0061,57692.0,0.0459,0.0,4786.0,56816.0,0.0361,0.4806,0.48100000000000004,0.0,0.028,0.0,0.187,10.137
54264794,1,0,0.032,-0.022,-0.005,0.012,0.0,-0.0219,0.0219,11.93,-0.0059,57916.0,0.040100000000000004,0.0,9027.0,56604.0,0.031,0.48040000000000005,0.48000000000000004,0.0,0.018000000000000002,0.0,-0.005,10.137
54270679,1,0,0.061,0.046,-0.011,0.012,0.0,-0.024,0.024,11.97,-0.0056,57692.0,0.0431,0.0,14912.0,56816.0,0.034,0.48040000000000005,0.48000000000000004,0.0,0.018000000000000002,0.0,0.156,10.107000000000001
54272816,1,0,0.008,-0.039,0.005,0.011,0.0,-0.024800000000000003,0.024800000000000003,11.97,-0.0055000000000000005,57916.0,0.046,0.0,17049.0,56816.0,0.0351,0.48040000000000005,0.48000000000000004,0.0,0.018000000000000002,0.0,-0.092,10.107000000000001
54277557,1,0,0.067,0.046,-0.012,0.011,0.0,-0.0224,0.0224,11.97,-0.0053,58140.0,0.0403,0.0,0.0,57032.0,0.0317,0.4803,0.48000000000000004,0.0,0.012,0.0,-0.065,10.107000000000001
54279784,1,0,0.032,-0.011,-0.01,0.011,0.0,-0.023200000000000002,0.023200000000000002,11.97,-0.005200000000000001,57916.0,0.0431,0.0,2227.0,57032.0,0.0328,0.4803,0.48000000000000004,0.0,0.012,0.0,-0.028,10.107000000000001
54284812,1,0,0.075,0.062,-0.021,0.011,0.0,-0.0216,0.0216,11.97,-0.005,57916.0,0.0403,0.0,7255.0,56816.0,0.030500000000000003,0.4798,0.47900000000000004,0.0,0.001,0.0,0.225,10.107000000000001
54289789,1,0,0.051000000000000004,-0.033,0.012,0.01,0.0,-0.020800000000000003,0.020800000000000003,11.97,-0.0048000000000000004,57916.0,0.0374,0.0,12232.0,56816.0,0.029400000000000003,0.4798,0.47900000000000004,0.0,0.001,0.0,0.041,10.088000000000001
54292558,1,0,0.084,0.057,-0.017,0.01,0.0,-0.0206,0.0206,11.97,-0.0047,57692.0,0.0374,0.0,15001.0,56816.0,0.0291,0.4798,0.47900000000000004,0.0,0.001,0.0,-0.251,10.088000000000001
54297520,1,0,0.065,-0.048,0.015,0.009000000000000001,0.0,-0.019700000000000002,0.019700000000000002,11.97,-0.0045000000000000005,57692.0,0.0374,0.0,0.0,57032.0,0.0279,0.47950000000000004,0.47900000000000004,0.0,-0.005,0.0,0.126,10.088000000000001
54301552,1,0,0.058,0.015,-0.011,0.009000000000000001,0.0,-0.0196,0.0196,11.97,-0.0044,57692.0,0.0345,0.0,4032.0,56604.0,0.027700000000000002,0.47950000000000004,0.47900000000000004,0.0,-0.005,0.0,-0.051000000000000004,10.088000000000001
54303756,1,0,0.056,-0.084,0.025,0.008,0.0,-0.0187,0.0187,11.97,-0.0041,57916.0,0.0345,0.0,6236.0,57252.0,0.026500000000000003,0.47950000000000004,0.47900000000000004,0.0,-0.005,0.0,0.20700000000000002,10.088000000000001
54308830,1,0,0.054,-0.029,-0.004,0.008,0.0,-0.0179,0.0179,11.97,-0.0038,57916.0,0.0316,0.0,11310.0,57032.0,0.025400000000000002,0.47900000000000004,0.47800000000000004,0.0,-0.015,0.0,-0.11900000000000001,10.088000000000001
54313808,1,0,0.10300000000000001,0.043000000000000003,-0.009000000000000001,0.007,0.0,-0.0189,0.0189,11.97,-0.0035,57916.0,0.0345,0.0,16288.0,57032.0,0.0267,0.47900000000000004,0.47800000000000004,0.0,-0.015,0.0,-0.055,10.127
54315810,1,0,0.063,-0.017,-0.002,0.007,0.0,-0.0182,0.0182,11.97,-0.0034000000000000002,57916.0,0.0345,0.0,0.0,57032.0,0.0257,0.4786,0.47800000000000004,0.0,-0.019,0.0,-0.16,10.127
54320677,1,0,0.042,-0.012,0.005,0.007,0.0,-0.020900000000000002,0.020900000000000002,11.97,-0.0031000000000000003,57692.0,0.0374,0.0,4867.0,57032.0,0.0296,0.4786,0.47800000000000004,0.0,-0.019,0.0,0.2,10.127
54324841,1,0,0.047,-0.11,0.024,0.006,0.0,-0.0152,0.0152,11.97,-0.0028,58140.0,0.028800000000000003,0.0,9031.0,57032.0,0.021500000000000002,0.47840000000000005,0.47800000000000004,0.0,-0.02,0.0,0.24,10.127
54329520,1,0,0.052000000000000005,0.039,-0.011,0.005,0.0,-0.0181,0.0181,11.97,-0.0026000000000000003,57916.0,0.0345,0.0,13710.0,57032.0,0.0256,0.47840000000000005,0.47800000000000004,0.0,-0.02,0.0,0.038,10.127
54333558,1,0,0.021,-0.099,0.019,0.005,0.0,-0.0188,0.0188,11.97,-0.0023,57692.0,0.0345,0.0,17748.0,56816.0,0.026600000000000002,0.47840000000000005,0.47800000000000004,0.0,-0.02,0.0,0.14200000000000002,10.093
54335779,1,0,0.06,0.024,-0.026000000000000002,0.005,0.0,-0.0152,0.0152,11.97,-0.0022,57916.0,0.028800000000000003,0.0,0.0,57252.0,0.021400000000000002,0.4776,0.47600000000000003,0.0,-0.033,0.0,-0.151,10.093
54340852,1,0,-0.004,-0.068,0.023,0.004,0.0,-0.0199,0.0199,12.0,-0.0019,57916.0,0.0375,0.0,5073.0,57252.0,0.0281,0.4776,0.47600000000000003,0.0,-0.033,0.0,-0.07,10.093
54345816,1,0,0.03,-0.084,-0.01,0.004,0.0,-0.0179,0.0179,12.0,-0.0019,57692.0,0.0317,0.0,10037.0,56816.0,0.025400000000000002,0.47600000000000003,0.47300000000000003,0.0,-0.058,0.0,-0.294,10.093
54347832,1,0,-0.001,-0.09,0.009000000000000001,0.004,0.0,-0.017400000000000002,0.017400000000000002,12.0,-0.0018000000000000002,57916.0,0.0317,0.0,12053.0,57032.0,0.0246,0.47600000000000003,0.47300000000000003,0.0,-0.058,0.0,0.063,10.093
54352856,1,0,-0.013000000000000001,-0.069,-0.005,0.004,0.0,-0.0224,0.0223,12.0,-0.0019,57692.0,0.040400000000000005,0.0,17077.0,56816.0,0.0316,0.47600000000000003,0.47300000000000003,0.0,-0.058,0.0,-0.08700000000000001,10.102
54357839,1,0,0.003,0.025,-0.03,0.004,0.0,-0.021500000000000002,0.021500000000000002,12.0,-0.0019,57692.0,0.040400000000000005,0.0,0.0,57032.0,0.0304,0.4753,0.47400000000000003,0.0,-0.06,0.0,0.148,10.102
54360558,1,0,-0.014,-0.059000000000000004,-0.015,0.004,0.0,-0.020800000000000003,0.020800000000000003,12.0,-0.0019,57692.0,0.0375,0.0,2719.0,56816.0,0.029400000000000003,0.4753,0.47400000000000003,0.0,-0.06,0.0,0.0,10.102
54364879,1,0,-0.019,0.021,-0.014,0.004,0.0,-0.0218,0.0218,12.0,-0.0017000000000000001,58140.0,0.040400000000000005,0.0,7040.0,56816.0,0.0308,0.4752,0.47500000000000003,0.0,-0.05,0.0,-0.305,10.102
54369522,1,0,-0.081,-0.108,0.017,0.003,0.0,-0.0229,0.0229,12.0,-0.0017000000000000001,57916.0,0.043300000000000005,0.0,11683.0,57252.0,0.0324,0.4752,0.47500000000000003,0.0,-0.05,0.0,-0.277,10.102
54371684,1,0,-0.091,-0.08,0.014,0.003,0.0,-0.023,0.023,12.0,-0.0017000000000000001,57916.0,0.043300000000000005,0.0,13845.0,56816.0,0.0325,0.4752,0.47500000000000003,0.0,-0.05,0.0,-0.232,10.102
54376556,1,0,-0.084,-0.089,0.023,0.004,0.0,-0.0224,0.0224,12.0,-0.0017000000000000001,57916.0,0.040400000000000005,0.0,0.0,57032.0,0.0316,0.4751,0.47500000000000003,0.0,-0.041,0.0,0.17300000000000001,10.066
54380854,1,0,0.024,0.004,-0.008,0.004,0.0,-0.020200000000000003,0.020200000000000003,12.0,-0.0018000000000000002,57692.0,0.0375,0.0,4298.0,57032.0,0.0286,0.4751,0.47500000000000003,0.0,-0.041,0.0,-0.226,10.066
54385514,1,0,-0.064,-0.041,0.019,0.003,0.0,-0.021400000000000002,0.021400000000000002,12.0,-0.0016,57916.0,0.040400000000000005,0.0,8958.0,57032.0,0.0302,0.4747,0.47400000000000003,0.0,-0.042,0.0,0.315,10.066
54389779,1,0,-0.02,-0.08600000000000001,0.021,0.003,0.0,-0.023100000000000002,0.023100000000000002,12.0,-0.0014,57692.0,0.043300000000000005,0.0,13223.0,57032.0,0.0327,0.4747,0.47400000000000003,0.0,-0.042,0.0,0.127,10.066
54391782,1,0,-0.059000000000000004,-0.054,0.024,0.003,0.0,-0.0219,0.0219,12.0,-0.0013000000000000002,57916.0,0.040400000000000005,0.0,15226.0,56816.0,0.0309,0.4747,0.47400000000000003,0.0,-0.042,0.0,0.448,10.066
54395822,1,0,0.024,-0.005,-0.002,0.003,0.0,-0.0238,0.0238,12.0,-0.0013000000000000002,57916.0,0.043300000000000005,0.0,0.0,57032.0,0.0337,0.4741,0.47300000000000003,0.0,-0.045,0.0,-0.121,10.073
54400557,1,0,-0.041,0.008,0.016,0.003,0.0,-0.023200000000000002,0.023200000000000002,12.0,-0.0013000000000000002,57916.0,0.043300000000000005,0.0,4735.0,56816.0,0.0329,0.4741,0.47300000000000003,0.0,-0.045,0.0,0.317,10.073
54405022,1,0,-0.011,-0.08700000000000001,0.03,0.003,0.0,-0.0207,0.0207,12.030000000000001,-0.0012000000000000001,57916.0,0.0376,0.0,9200.0,57032.0,0.0292,0.47300000000000003,0.47100000000000003,0.0,-0.057,0.0,0.159,10.073
54409829,1,0,0.061,0.059000000000000004,-0.017,0.002,0.0,-0.0227,0.0227,12.030000000000001,-0.0012000000000000001,57692.0,0.0405,0.0,14007.0,57252.0,0.032100000000000004,0.47300000000000003,0.47100000000000003,0.0,-0.057,0.0,-0.198,10.073
54411840,1,0,0.019,-0.048,0.01,0.002,0.0,-0.0227,0.0227,12.030000000000001,-0.0011,57692.0,0.0405,0.0,16018.0,57032.0,0.032100000000000004,0.47300000000000003,0.47100000000000003,0.0,-0.057,0.0,-0.046,10.073
54416856,1,0,0.065,0.063,-0.01,0.002,0.0,-0.020300000000000002,0.020300000000000002,12.040000000000001,-0.001,57692.0,0.0376,0.0,0.0,57032.0,0.0287,0.47340000000000004,0.47400000000000003,0.0,-0.039,0.0,-0.089,10.14
54421839,1,0,-0.006,0.022,-0.001,0.002,0.0,-0.020800000000000003,0.020800000000000003,12.040000000000001,-0.0009000000000000001,57692.0,0.0376,0.0,4983.0,57032.0,0.029400000000000003,0.47340000000000004,0.47400000000000003,0.0,-0.039,0.0,0.048,10.14
54424559,1,0,0.066,0.077,-0.023,0.002,0.0,-0.020900000000000002,0.020900000000000002,12.040000000000001,-0.0009000000000000001,58140.0,0.0376,0.0,7703.0,57032.0,0.029500000000000002,0.47340000000000004,0.47400000000000003,0.0,-0.039,0.0,-0.381,10.14
54428844,1,0,-0.012,0.016,0.017,0.002,0.0,-0.0221,0.0221,12.040000000000001,-0.0009000000000000001,57916.0,0.0405,0.0,11988.0,57252.0,0.031200000000000002,0.4746,0.47700000000000004,0.0,-0.003,0.0,0.095,10.14
54432899,1,0,0.081,-0.003,-0.006,0.002,0.0,-0.0198,0.0198,12.040000000000001,-0.0009000000000000001,57916.0,0.0376,0.0,16043.0,57032.0,0.0281,0.4746,0.47700000000000004,0.0,-0.003,0.0,-0.314,10.14
54437862,1,0,0.061,0.079,-0.018000000000000002,0.002,0.0,-0.020900000000000002,0.020900000000000002,12.040000000000001,-0.0009000000000000001,57916.0,0.0376,0.0,0.0,57032.0,0.0296,0.4751,0.47600000000000003,0.0,0.006,0.0,-0.098,10.14
54440561,1,0,0.091,0.015,-0.008,0.002,0.0,-0.021400000000000002,0.021400000000000002,12.040000000000001,-0.0008,57916.0,0.0405,0.0,2699.0,57252.0,0.0302,0.4751,0.47600000000000003,0.0,0.006,0.0,-0.20400000000000001,10.017
54445514,1,0,0.047,0.07200000000000001,-0.012,0.002,0.0,-0.0216,0.0216,12.040000000000001,-0.0008,57916.0,0.0405,0.0,7652.0,57252.0,0.030600000000000002,0.4751,0.47500000000000003,0.0,0.004,0.0,-0.115,10.017
54447868,1,0,0.062,-0.015,-0.009000000000000001,0.001,0.0,-0.0229,0.0229,12.040000000000001,-0.0007,57916.0,0.0434,0.0,10006.0,57252.0,0.0324,0.4751,0.47500000000000003,0.0,0.004,0.0,-0.179,10.017
54452909,1,0,0.08,0.061,-0.012,0.002,0.0,-0.0213,0.0213,12.040000000000001,-0.0008,57916.0,0.0405,0.0,15047.0,57032.0,0.030100000000000002,0.4751,0.47500000000000003,0.0,0.004,0.0,-0.168,10.017
54457514,1,0,-0.007,-0.037,0.014,0.001,0.0,-0.022000000000000002,0.022000000000000002,12.040000000000001,-0.0006000000000000001,58140.0,0.0405,0.0,0.0,57252.0,0.031100000000000003,0.4747,0.47400000000000003,0.0,-0.004,0.0,0.043000000000000003,10.017
54459830,1,0,0.065,0.066,-0.021,0.001,0.0,-0.023100000000000002,0.023100000000000002,12.040000000000001,-0.0007,57916.0,0.0434,0.0,2316.0,57032.0,0.0327,0.4747,0.47400000000000003,0.0,-0.004,0.0,-0.255,10.082
54463868,1,0,0.007,-0.03,0.009000000000000001,0.001,0.0,-0.023100000000000002,0.023100000000000002,12.040000000000001,-0.0006000000000000001,57916.0,0.0434,0.0,6354.0,57032.0,0.0327,0.4747,0.47400000000000003,0.0,-0.004,0.0,-0.088,10.082
54468577,1,0,0.056,0.055,-0.008,0.001,0.0,-0.022600000000000002,0.022500000000000003,12.040000000000001,-0.0006000000000000001,57916.0,0.0405,0.0,11063.0,57032.0,0.031900000000000005,0.4741,0.47300000000000003,0.0,-0.015,0.0,-0.132,10.082
54472923,1,0,-0.015,0.012,-0.01,0.001,0.0,-0.023700000000000002,0.023700000000000002,12.07,-0.0005,58140.0,0.043500000000000004,0.0,15409.0,57252.0,0.0335,0.4741,0.47300000000000003,0.0,-0.015,0.0,-0.17,10.082
54477549,1,0,0.029,-0.018000000000000002,-0.001,0.001,0.0,-0.0257,0.0257,12.07,-0.0005,57916.0,0.046400000000000004,0.0,0.0,57032.0,0.0363,0.4741,0.47400000000000003,0.0,-0.013000000000000001,0.0,-0.381,10.082
54479882,1,0,-0.054,0.009000000000000001,0.002,0.001,0.0,-0.0269,0.0269,12.07,-0.0006000000000000001,57916.0,0.049300000000000004,0.0,2333.0,57252.0,0.038,0.4741,0.47400000000000003,0.0,-0.013000000000000001,0.0,0.009000000000000001,10.032
54483883,1,0,0.055,-0.036000000000000004,-0.004,0.001,0.0,-0.0221,0.0221,12.07,-0.0006000000000000001,57916.0,0.040600000000000004,0.0,6334.0,57032.0,0.031200000000000002,0.4741,0.47400000000000003,0.0,-0.013000000000000001,0.0,-0.316,10.032
54487895,1,0,-0.039,0.014,-0.013000000000000001,0.001,0.0,-0.0247,0.0247,12.07,-0.0006000000000000001,57916.0,0.046400000000000004,0.0,10346.0,57032.0,0.035,0.47400000000000003,0.47400000000000003,0.0,-0.011,0.0,0.092,10.032
54492936,1,0,-0.058,-0.048,0.014,0.001,0.0,-0.024200000000000003,0.024200000000000003,12.07,-0.0004,57692.0,0.043500000000000004,0.0,15387.0,57032.0,0.0342,0.47400000000000003,0.47400000000000003,0.0,-0.011,0.0,-0.098,10.032
54497514,1,0,0.048,0.015,-0.013000000000000001,0.001,0.0,-0.025500000000000002,0.025500000000000002,12.07,-0.0005,58140.0,0.046400000000000004,0.0,0.0,57252.0,0.036000000000000004,0.4737,0.47300000000000003,0.0,-0.016,0.0,-0.209,10.032
54500553,1,0,-0.005,-0.047,-0.006,0.001,0.0,-0.025900000000000003,0.025900000000000003,12.07,-0.0004,58140.0,0.046400000000000004,0.0,3039.0,57032.0,0.0366,0.4737,0.47300000000000003,0.0,-0.016,0.0,-0.114,10.051
54505512,1,0,0.055,-0.021,0.009000000000000001,0.001,0.0,-0.0234,0.0234,12.07,-0.00030000000000000003,57916.0,0.043500000000000004,0.0,7998.0,57252.0,0.033,0.4741,0.47500000000000003,0.0,-0.004,0.0,-0.229,10.051
54509569,1,0,-0.07,-0.002,0.005,0.001,0.0,-0.025,0.025,12.07,-0.0002,57692.0,0.046400000000000004,0.0,12055.0,57472.0,0.0354,0.4741,0.47500000000000003,0.0,-0.004,0.0,-0.073,10.051
54511866,1,0,0.048,-0.012,-0.007,0.0,0.0,-0.0256,0.0256,12.07,-0.0001,57916.0,0.046400000000000004,0.0,14352.0,57472.0,0.0362,0.4741,0.47500000000000003,0.0,-0.004,0.0,-0.519,10.051
54515906,1,0,-0.073,-0.014,0.017,0.0,0.0,-0.024,0.024,12.07,0.0,57916.0,0.043500000000000004,0.0,0.0,57472.0,0.0339,0.4751,0.47700000000000004,0.0,0.019,0.0,-0.031,10.051
54520685,1,0,0.025,-0.032,0.013000000000000001,0.0,0.0,-0.0246,0.0246,12.07,0.0001,57916.0,0.046400000000000004,0.0,4779.0,57252.0,0.034800000000000005,0.4751,0.47700000000000004,0.0,0.019,0.0,-0.332,10.046
54525549,1,0,0.004,0.02,-0.004,0.0,0.0,-0.0257,0.0257,12.07,0.0001,58140.0,0.046400000000000004,0.0,9643.0,57032.0,0.0364,0.4747,0.47400000000000003,0.0,0.008,0.0,-0.014,10.046
54529916,1,0,-0.078,-0.008,0.02,0.0,0.0,-0.0238,0.0238,12.07,0.0001,57916.0,0.043500000000000004,0.0,14010.0,57252.0,0.0337,0.4747,0.47400000000000003,0.0,0.008,0.0,0.16,10.046
54532554,1,0,-0.056,0.012,0.02,0.0,0.0,-0.023700000000000002,0.023700000000000002,12.07,0.0,57916.0,0.043500000000000004,0.0,16648.0,57032.0,0.0335,0.4747,0.47400000000000003,0.0,0.008,0.0,0.181,10.046
54537549,1,0,-0.073,-0.025,0.006,0.0,0.0,-0.0222,0.0222,12.1,0.0001,57916.0,0.0407,0.0,0.0,57032.0,0.031400000000000004,0.4731,0.47000000000000003,0.0,-0.031,0.0,0.14300000000000002,10.046
54539924,1,0,0.039,0.007,0.006,0.0,0.0,-0.0224,0.0224,12.1,0.0001,57916.0,0.0407,0.0,2375.0,56816.0,0.0316,0.4731,0.47000000000000003,0.0,-0.031,0.0,0.111,10.018
54544951,1,0,-0.064,-0.004,0.004,0.0,0.0,-0.0229,0.0229,12.1,0.0001,57916.0,0.0436,0.0,7402.0,56816.0,0.0323,0.47240000000000004,0.47100000000000003,0.0,-0.038,0.0,0.269,10.018
54549893,1,0,0.002,-0.022,-0.005,0.0,0.0,-0.0234,0.0234,12.1,0.0001,57916.0,0.0436,0.0,12344.0,57252.0,0.033100000000000004,0.47240000000000004,0.47100000000000003,0.0,-0.038,0.0,-0.024,10.018
54551895,1,0,-0.073,-0.009000000000000001,0.002,0.0,0.0,-0.0236,0.0236,12.1,0.0,57916.0,0.0436,0.0,14346.0,57252.0,0.0334,0.47240000000000004,0.47100000000000003,0.0,-0.038,0.0,0.253,10.018
54555934,1,0,0.061,-0.015,0.003,0.0,0.0,-0.0224,0.0224,12.1,0.0001,58140.0,0.0407,0.0,0.0,57032.0,0.0317,0.4722,0.47200000000000003,0.0,-0.033,0.0,-0.178,10.018
54560514,1,0,-0.052000000000000005,-0.004,0.002,0.0,0.0,-0.0219,0.0219,12.1,0.0,57916.0,0.0407,0.0,4580.0,57252.0,0.031,0.4722,0.47200000000000003,0.0,-0.033,0.0,0.177,10.015
54564553,1,0,0.07,-0.004,-0.009000000000000001,0.0,0.0,-0.022600000000000002,0.022600000000000002,12.1,0.0,57916.0,0.0407,0.0,8619.0,57252.0,0.032,0.4722,0.47200000000000003,0.0,-0.033,0.0,-0.089,10.015
54569509,1,0,0.05,0.007,0.01,0.0,0.0,-0.0221,0.0221,12.1,-0.0001,57916.0,0.0407,0.0,13575.0,57032.0,0.0313,0.47390000000000004,0.47700000000000004,0.0,0.004,0.0,-0.09,10.015
54573761,1,0,-0.045,-0.017,0.001,0.0,0.0,-0.0216,0.0216,12.1,-0.0001,57916.0,0.0407,0.0,17827.0,57252.0,0.030500000000000003,0.47390000000000004,0.47700000000000004,0.0,0.004,0.0,0.009000000000000001,10.015
54575948,1,0,0.038,0.008,-0.005,0.0,0.0,-0.0222,0.0222,12.1,-0.0001,58140.0,0.0407,0.0,0.0,57252.0,0.0313,0.47640000000000005,0.48100000000000004,0.0,0.058,0.0,-0.045,10.015
54580552,1,0,-0.023,-0.016,0.003,0.0,0.0,-0.021400000000000002,0.021400000000000002,12.1,-0.0001,58140.0,0.0407,0.0,4604.0,57032.0,0.0303,0.47640000000000005,0.48100000000000004,0.0,0.058,0.0,-0.17400000000000002,10.021
54585548,1,0,0.083,-0.005,-0.01,0.0,0.0,-0.0217,0.0217,12.1,0.0,57916.0,0.0407,0.0,9600.0,57252.0,0.0307,0.47840000000000005,0.48200000000000004,0.0,0.082,0.0,-0.267,10.021
54589921,1,0,0.01,-0.003,-0.003,0.0,0.0,-0.0218,0.0218,12.1,-0.0001,57916.0,0.0407,0.0,13973.0,57252.0,0.0308,0.47840000000000005,0.48200000000000004,0.0,0.082,0.0,0.108,10.021
54591924,1,0,0.096,0.009000000000000001,-0.003,0.0,0.0,-0.0219,0.0219,12.1,0.0,57916.0,0.0407,0.0,15976.0,57252.0,0.031,0.47840000000000005,0.48200000000000004,0.0,0.082,0.0,-0.149,10.021
54596555,1,0,-0.029,-0.019,-0.005,0.0,0.0,-0.021500000000000002,0.021400000000000002,12.1,0.0001,58140.0,0.0407,0.0,0.0,57032.0,0.0303,0.4796,0.48200000000000004,0.0,0.094,0.0,0.024,10.021
54600930,1,0,0.03,-0.01,-0.015,-0.001,0.0,-0.0217,0.0217,12.13,0.00030000000000000003,57916.0,0.0408,0.0,4375.0,57032.0,0.0307,0.4796,0.48200000000000004,0.0,0.094,0.0,-0.032,10.046
54605548,1,0,0.037,-0.01,-0.001,-0.001,0.0,-0.021400000000000002,0.021400000000000002,12.13,0.00030000000000000003,57916.0,0.0408,0.0,8993.0,57252.0,0.0303,0.4798,0.48000000000000004,0.0,0.078,0.0,0.147,10.046
54609548,1,0,-0.01,-0.02,-0.007,-0.001,0.0,-0.0212,0.0212,12.13,0.0005,58140.0,0.0379,0.0,12993.0,57252.0,0.030000000000000002,0.4798,0.48000000000000004,0.0,0.078,0.0,0.029,10.046
54613938,1,0,0.096,0.011,-0.007,-0.001,0.0,-0.0216,0.0216,12.13,0.0006000000000000001,57916.0,0.0408,0.0,17383.0,57252.0,0.030600000000000002,0.4798,0.48000000000000004,0.0,0.078,0.0,-0.008,10.046
54615939,1,0,0.008,-0.016,-0.002,-0.001,0.0,-0.021,0.021,12.13,0.0007,58364.0,0.0379,0.0,0.0,57252.0,0.0297,0.4788,0.47700000000000004,0.0,0.043000000000000003,0.0,0.021,10.046
54620678,1,0,0.065,0.005,0.001,-0.002,0.0,-0.0212,0.0211,12.13,0.0007,58140.0,0.0379,0.0,4739.0,57252.0,0.029900000000000003,0.4788,0.47700000000000004,0.0,0.043000000000000003,0.0,0.192,10.046
54625007,1,0,-0.046,-0.031,-0.008,-0.002,0.0,-0.0213,0.0213,12.13,0.0009000000000000001,57916.0,0.0408,0.0,9068.0,57252.0,0.030100000000000002,0.4778,0.47600000000000003,0.0,0.017,0.0,0.307,10.021
54629986,1,0,0.049,0.001,0.008,-0.002,0.0,-0.0205,0.0205,12.13,0.0012000000000000001,58140.0,0.0379,0.0,14047.0,57252.0,0.028900000000000002,0.4778,0.47600000000000003,0.0,0.017,0.0,0.01,10.021
54632549,1,0,-0.046,-0.037,0.013000000000000001,-0.003,0.0,-0.0205,0.0205,12.13,0.0012000000000000001,57916.0,0.0379,0.0,16610.0,57252.0,0.029,0.4778,0.47600000000000003,0.0,0.017,0.0,0.266,10.021
54636991,1,0,0.06,0.009000000000000001,-0.008,-0.003,0.0,-0.020900000000000002,0.020900000000000002,12.13,0.0015,58140.0,0.0379,0.0,0.0,57252.0,0.0296,0.47650000000000003,0.47400000000000003,0.0,-0.016,0.0,-0.10300000000000001,10.021
54640993,1,0,0.007,-0.013000000000000001,0.009000000000000001,-0.003,0.0,-0.021500000000000002,0.021500000000000002,12.13,0.0015,58364.0,0.0408,0.0,4002.0,57252.0,0.0304,0.47650000000000003,0.47400000000000003,0.0,-0.016,0.0,0.20600000000000002,10.021
54645509,1,0,0.018000000000000002,0.004,0.005,-0.004,0.0,-0.0212,0.0212,12.13,0.0017000000000000001,58140.0,0.0408,0.0,8518.0,57252.0,0.030000000000000002,0.4753,0.47300000000000003,0.0,-0.035,0.0,-0.129,10.061
54649549,1,0,0.04,0.002,0.004,-0.004,0.0,-0.0211,0.0211,12.13,0.0018000000000000002,57916.0,0.0379,0.0,12558.0,57032.0,0.029900000000000003,0.4753,0.47300000000000003,0.0,-0.035,0.0,-0.047,10.061
54652001,1,0,0.028,0.024,-0.005,-0.004,0.0,-0.022000000000000002,0.022000000000000002,12.13,0.0018000000000000002,58364.0,0.0408,0.0,15010.0,57032.0,0.031100000000000003,0.4753,0.47300000000000003,0.0,-0.035,0.0,-0.329,10.061
54656004,1,0,0.023,-0.019,0.009000000000000001,-0.004,0.0,-0.02,0.02,12.13,0.0019,58140.0,0.0379,0.0,0.0,56816.0,0.028300000000000002,0.4738,0.47100000000000003,0.0,-0.061,0.0,0.056,10.061
54660553,1,0,0.037,0.025,-0.01,-0.004,0.0,-0.0201,0.0201,12.13,0.0019,58140.0,0.0379,0.0,4549.0,57252.0,0.0284,0.4738,0.47100000000000003,0.0,-0.061,0.0,-0.195,10.061
54665511,1,0,0.037,0.032,-0.013000000000000001,-0.004,0.0,-0.022500000000000003,0.0224,12.16,0.002,58140.0,0.0409,0.0,9507.0,57252.0,0.0317,0.47350000000000003,0.47300000000000003,0.0,-0.054,0.0,-0.222,10.035
54669514,1,0,-0.058,-0.062,0.022,-0.004,0.0,-0.0218,0.0218,12.16,0.0017000000000000001,58140.0,0.0409,0.0,13510.0,57032.0,0.0308,0.47350000000000003,0.47300000000000003,0.0,-0.054,0.0,-0.188,10.035
54671989,1,0,0.048,0.012,-0.003,-0.004,0.0,-0.0196,0.0196,12.16,0.0017000000000000001,57916.0,0.038,0.0,15985.0,57032.0,0.027800000000000002,0.47350000000000003,0.47300000000000003,0.0,-0.054,0.0,-0.315,10.035
54676982,1,0,-0.063,-0.07200000000000001,0.014,-0.003,0.0,-0.0246,0.0246,12.16,0.0013000000000000002,58364.0,0.0468,0.0,0.0,57252.0,0.034800000000000005,0.47400000000000003,0.47500000000000003,0.0,-0.031,0.0,-0.136,10.035
54680987,1,0,-0.017,0.017,-0.013000000000000001,-0.003,0.0,-0.019100000000000002,0.019100000000000002,12.16,0.0013000000000000002,57916.0,0.0351,0.0,4005.0,57252.0,0.0269,0.47400000000000003,0.47500000000000003,0.0,-0.031,0.0,-0.337,10.035
54685512,1,0,-0.056,-0.056,0.011,-0.002,0.0,-0.0246,0.0246,12.16,0.0012000000000000001,58140.0,0.0468,0.0,8530.0,57252.0,0.0349,0.47400000000000003,0.47400000000000003,0.0,-0.025,0.0,0.12,10.055
54688037,1,0,-0.008,0.025,-0.02,-0.002,0.0,-0.0223,0.0223,12.16,0.0011,58140.0,0.0409,0.0,11055.0,57252.0,0.0316,0.47400000000000003,0.47400000000000003,0.0,-0.025,0.0,-0.337,10.055
54692873,1,0,-0.033,-0.053,0.032,-0.002,0.0,-0.0206,0.0206,12.16,0.001,58140.0,0.038,0.0,15891.0,57472.0,0.0291,0.47400000000000003,0.47400000000000003,0.0,-0.025,0.0,0.11900000000000001,10.055
54697510,1,0,-0.052000000000000005,-0.027,0.001,-0.002,0.0,-0.0235,0.0235,12.16,0.001,58140.0,0.0438,0.0,0.0,57252.0,0.0332,0.4737,0.47300000000000003,0.0,-0.028,0.0,0.01,10.055
54701512,1,0,0.009000000000000001,0.041,-0.013000000000000001,-0.002,0.0,-0.0227,0.0227,12.16,0.0011,58140.0,0.0409,0.0,4002.0,57252.0,0.032100000000000004,0.4737,0.47300000000000003,0.0,-0.028,0.0,0.152,10.055
54704003,1,0,-0.022,-0.004,-0.001,-0.002,0.0,-0.0228,0.0228,12.16,0.0011,58140.0,0.0438,0.0,6493.0,57252.0,0.0323,0.4737,0.47300000000000003,0.0,-0.028,0.0,0.01,10.052
54708091,1,0,-0.005,0.039,0.009000000000000001,-0.002,0.0,-0.0233,0.0233,12.16,0.0011,57916.0,0.0438,0.0,10581.0,57472.0,0.0329,0.4738,0.47400000000000003,0.0,-0.02,0.0,0.217,10.052
54713092,1,0,-0.045,-0.051000000000000004,0.007,-0.002,0.0,-0.0235,0.0235,12.16,0.001,58140.0,0.0438,0.0,15582.0,57032.0,0.0332,0.4738,0.47400000000000003,0.0,-0.02,0.0,0.04,10.052
54717557,1,0,0.014,0.076,-0.022,-0.002,0.0,-0.0234,0.0234,12.16,0.0009000000000000001,58140.0,0.0438,0.0,0.0,57692.0,0.033100000000000004,0.47390000000000004,0.47400000000000003,0.0,-0.015,0.0,-0.167,10.052
54720679,1,0,-0.025,-0.036000000000000004,0.009000000000000001,-0.002,0.0,-0.0236,0.0236,12.16,0.0009000000000000001,58140.0,0.0438,0.0,3122.0,57032.0,0.0334,0.47390000000000004,0.47400000000000003,0.0,-0.015,0.0,0.098,10.052
54725206,1,0,0.011,0.053,-0.02,-0.002,0.0,-0.023200000000000002,0.023200000000000002,12.17,0.0008,58364.0,0.0439,0.0,7649.0,57472.0,0.0328,0.47390000000000004,0.47400000000000003,0.0,-0.011,0.0,-0.121,10.131
54729546,1,0,-0.002,0.006,0.007,-0.002,0.0,-0.0235,0.0235,12.17,0.0009000000000000001,57916.0,0.0439,0.0,11989.0,57032.0,0.0332,0.47390000000000004,0.47400000000000003,0.0,-0.011,0.0,0.111,10.131
54734103,1,0,-0.007,-0.038,0.013000000000000001,-0.002,0.0,-0.0223,0.0223,12.200000000000001,0.0008,57916.0,0.041,0.0,16546.0,57472.0,0.0316,0.47390000000000004,0.47400000000000003,0.0,-0.011,0.0,-0.007,10.131
54736512,1,0,0.0,-0.018000000000000002,0.01,-0.002,0.0,-0.0223,0.0223,12.200000000000001,0.0009000000000000001,58140.0,0.041,0.0,0.0,57252.0,0.0316,0.4736,0.47300000000000003,0.0,-0.016,0.0,0.197,10.131
54740547,1,0,0.002,0.016,-0.01,-0.002,0.0,-0.0238,0.0238,12.200000000000001,0.0008,58140.0,0.044000000000000004,0.0,4035.0,57032.0,0.0337,0.4736,0.47300000000000003,0.0,-0.016,0.0,0.01,10.131
54745055,1,0,0.021,0.061,0.003,-0.002,0.0,-0.023700000000000002,0.023700000000000002,12.200000000000001,0.0009000000000000001,58140.0,0.044000000000000004,0.0,8543.0,57472.0,0.0335,0.47340000000000004,0.47300000000000003,0.0,-0.016,0.0,0.01,10.038
54749070,1,0,-0.021,-0.053,0.022,-0.002,0.0,-0.024800000000000003,0.024800000000000003,12.200000000000001,0.0009000000000000001,58140.0,0.046900000000000004,0.0,12558.0,57472.0,0.0351,0.47340000000000004,0.47300000000000003,0.0,-0.016,0.0,0.002,10.038
54753119,1,0,0.009000000000000001,0.07200000000000001,-0.012,-0.002,0.0,-0.0252,0.0252,12.200000000000001,0.0007,58140.0,0.046900000000000004,0.0,16607.0,57472.0,0.0356,0.47340000000000004,0.47300000000000003,0.0,-0.016,0.0,-0.203,10.038
54758125,1,0,-0.006,0.005,0.018000000000000002,-0.001,0.0,-0.0258,0.0258,12.200000000000001,0.0007,58364.0,0.046900000000000004,0.0,0.0,57252.0,0.0364,0.4732,0.47300000000000003,0.0,-0.016,0.0,-0.046,10.038
54760510,1,0,0.023,0.08600000000000001,-0.013000000000000001,-0.001,0.0,-0.025,0.025,12.200000000000001,0.0005,58140.0,0.046900000000000004,0.0,2385.0,57472.0,0.0354,0.4732,0.47300000000000003,0.0,-0.016,0.0,-0.29,10.038
54764547,1,0,-0.035,-0.059000000000000004,0.018000000000000002,-0.001,0.0,-0.0253,0.0253,12.200000000000001,0.0005,58364.0,0.046900000000000004,0.0,6422.0,57252.0,0.0358,0.4732,0.47300000000000003,0.0,-0.016,0.0,-0.01,10.073
54769050,1,0,0.003,0.024,-0.002,0.0,0.0,-0.026000000000000002,0.026000000000000002,12.200000000000001,0.0001,58140.0,0.049800000000000004,0.0,10925.0,57032.0,0.0368,0.47350000000000003,0.47400000000000003,0.0,-0.008,0.0,-0.218,10.073
54773509,1,0,-0.001,0.026000000000000002,0.003,0.0,0.0,-0.0247,0.0247,12.200000000000001,0.0002,57916.0,0.046900000000000004,0.0,15384.0,57252.0,0.035,0.47350000000000003,0.47400000000000003,0.0,-0.008,0.0,0.11800000000000001,10.073
54776053,1,0,-0.011,0.05,-0.024,0.0,0.0,-0.0281,0.0281,12.200000000000001,0.0001,58140.0,0.0528,0.0,0.0,57472.0,0.0398,0.47400000000000003,0.47500000000000003,0.0,0.005,0.0,-0.051000000000000004,10.073
54780546,1,0,-0.008,0.024,0.003,0.0,0.0,-0.028200000000000003,0.028200000000000003,12.200000000000001,0.0002,58140.0,0.0528,0.0,4493.0,57252.0,0.039900000000000005,0.47400000000000003,0.47500000000000003,0.0,0.005,0.0,0.296,10.073
54784547,1,0,-0.01,0.014,-0.001,0.0,0.0,-0.0274,0.0274,12.200000000000001,0.0001,58140.0,0.049800000000000004,0.0,8494.0,57472.0,0.0388,0.47400000000000003,0.47500000000000003,0.0,0.005,0.0,0.06,10.086
54789229,1,0,0.016,0.108,-0.029,0.0,0.0,-0.0284,0.0284,12.200000000000001,0.0,58140.0,0.0528,0.0,13176.0,57472.0,0.0402,0.4751,0.47700000000000004,0.0,0.023,0.0,0.013000000000000001,10.086
54793547,1,0,-0.016,-0.048,0.021,0.0,0.0,-0.0261,0.0261,12.200000000000001,-0.0001,58140.0,0.049800000000000004,0.0,17494.0,57472.0,0.0369,0.4751,0.47700000000000004,0.0,0.023,0.0,0.099,10.086
54798159,1,0,0.01,0.032,-0.011,0.001,0.0,-0.0269,0.0269,12.200000000000001,-0.00030000000000000003,58364.0,0.049800000000000004,0.0,0.0,57252.0,0.038,0.4761,0.47800000000000004,0.0,0.041,0.0,-0.139,10.086
54800509,1,0,-0.03,-0.048,0.017,0.0,0.0,-0.028300000000000002,0.028300000000000002,12.200000000000001,-0.0002,58140.0,0.0528,0.0,2350.0,57252.0,0.040100000000000004,0.4761,0.47800000000000004,0.0,0.041,0.0,0.082,10.086
54804546,1,0,0.024,0.096,-0.02,0.001,0.0,-0.028800000000000003,0.028800000000000003,12.200000000000001,-0.00030000000000000003,58140.0,0.0528,0.0,6387.0,57252.0,0.0407,0.4761,0.47800000000000004,0.0,0.041,0.0,-0.035,10.065
54809076,1,0,-0.032,0.041,0.019,0.001,0.0,-0.031,0.031,12.24,-0.0004,58364.0,0.058800000000000005,0.0,10917.0,57252.0,0.0438,0.47750000000000004,0.48000000000000004,0.0,0.06,0.0,0.3,10.065
54813163,1,0,-0.008,0.002,0.001,0.001,0.0,-0.028800000000000003,0.028800000000000003,12.24,-0.0006000000000000001,58140.0,0.0529,0.0,15004.0,57252.0,0.0407,0.47750000000000004,0.48000000000000004,0.0,0.06,0.0,-0.129,10.065
54817554,1,0,-0.016,0.065,-0.009000000000000001,0.001,0.0,-0.027800000000000002,0.027800000000000002,12.24,-0.0007,58140.0,0.0529,0.0,0.0,57472.0,0.0393,0.4787,0.48100000000000004,0.0,0.073,0.0,0.075,10.065
54820553,1,0,0.018000000000000002,0.062,-0.018000000000000002,0.002,0.0,-0.028,0.028,12.24,-0.0009000000000000001,57916.0,0.0529,0.0,2999.0,57252.0,0.0396,0.4787,0.48100000000000004,0.0,0.073,0.0,-0.11900000000000001,10.065
54825507,1,0,-0.002,0.061,-0.011,0.002,0.0,-0.0274,0.0274,12.23,-0.0009000000000000001,57916.0,0.05,0.0,7953.0,57252.0,0.0388,0.4792,0.48000000000000004,0.0,0.067,0.0,-0.193,10.022
54829546,1,0,-0.06,-0.055,0.008,0.002,0.0,-0.028800000000000003,0.028800000000000003,12.23,-0.0009000000000000001,58140.0,0.0529,0.0,11992.0,57472.0,0.0408,0.4792,0.48000000000000004,0.0,0.067,0.0,-0.191,10.022
54832130,1,0,-0.026000000000000002,0.066,-0.01,0.002,0.0,-0.0304,0.0304,12.23,-0.001,58364.0,0.055900000000000005,0.0,14576.0,57252.0,0.0431,0.4792,0.48000000000000004,0.0,0.067,0.0,-0.226,10.022
54836546,1,0,-0.058,-0.055,0.013000000000000001,0.002,0.0,-0.0292,0.0292,12.23,-0.0009000000000000001,58140.0,0.055900000000000005,0.0,0.0,57472.0,0.0413,0.47840000000000005,0.47700000000000004,0.0,0.04,0.0,-0.115,10.022
54841101,1,0,-0.002,0.025,-0.02,0.002,0.0,-0.028900000000000002,0.028900000000000002,12.23,-0.0011,58364.0,0.0529,0.0,4555.0,57472.0,0.0408,0.47840000000000005,0.47700000000000004,0.0,0.04,0.0,-0.269,10.022
54845525,1,0,-0.061,0.006,0.011,0.002,0.0,-0.028300000000000002,0.028300000000000002,12.23,-0.0011,57916.0,0.0529,0.0,8979.0,57252.0,0.04,0.4776,0.47600000000000003,0.0,0.014,0.0,0.186,9.953
54848188,1,0,0.01,0.038,-0.007,0.003,0.0,-0.0284,0.0284,12.23,-0.0012000000000000001,58140.0,0.0529,0.0,11642.0,57252.0,0.040100000000000004,0.4776,0.47600000000000003,0.0,0.014,0.0,-0.266,9.953
54852547,1,0,-0.078,-0.013000000000000001,0.004,0.003,0.0,-0.028800000000000003,0.028800000000000003,12.23,-0.0012000000000000001,58140.0,0.0529,0.0,16001.0,57472.0,0.0407,0.4776,0.47600000000000003,0.0,0.014,0.0,0.179,9.953
54857112,1,0,-0.029,-0.041,0.01,0.003,0.0,-0.0284,0.0284,12.23,-0.0014,58140.0,0.0529,0.0,0.0,57472.0,0.0402,0.47740000000000005,0.47700000000000004,0.0,0.007,0.0,-0.092,9.953
54861150,1,0,-0.019,0.069,-0.004,0.003,0.0,-0.030100000000000002,0.030100000000000002,12.23,-0.0015,58364.0,0.0558,0.0,4038.0,57472.0,0.0425,0.47740000000000005,0.47700000000000004,0.0,0.007,0.0,0.17200000000000001,9.953
54865545,1,0,-0.051000000000000004,-0.04,0.017,0.003,0.0,-0.029400000000000003,0.029400000000000003,12.23,-0.0016,58140.0,0.0558,0.0,8433.0,57472.0,0.041600000000000005,0.4776,0.47800000000000004,0.0,0.01,0.0,0.169,10.022
54869546,1,0,0.009000000000000001,0.07,-0.008,0.004,0.0,-0.0298,0.0298,12.27,-0.0018000000000000002,58140.0,0.056,0.0,12434.0,57472.0,0.042100000000000005,0.4776,0.47800000000000004,0.0,0.01,0.0,-0.018000000000000002,10.022
54872123,1,0,-0.041,-0.042,0.02,0.004,0.0,-0.029400000000000003,0.029400000000000003,12.27,-0.0017000000000000001,58364.0,0.056,0.0,15011.0,57472.0,0.041600000000000005,0.4776,0.47800000000000004,0.0,0.01,0.0,-0.013000000000000001,10.022
54876509,1,0,-0.002,0.077,-0.015,0.004,0.0,-0.0304,0.0304,12.27,-0.002,58140.0,0.056,0.0,0.0,57472.0,0.043000000000000003,0.4777,0.47800000000000004,0.0,0.011,0.0,-0.067,10.022
54880510,1,0,-0.058,-0.037,0.014,0.004,0.0,-0.0296,0.0296,12.27,-0.002,58140.0,0.056,0.0,4001.0,57252.0,0.041800000000000004,0.4777,0.47800000000000004,0.0,0.011,0.0,0.07200000000000001,10.022
54884546,1,0,0.011,0.041,-0.008,0.005,0.0,-0.029,0.029,12.27,-0.0023,58364.0,0.053000000000000005,0.0,8037.0,57472.0,0.041,0.4777,0.47800000000000004,0.0,0.011,0.0,-0.296,9.996
54889171,1,0,-0.05,0.038,0.001,0.005,0.0,-0.0302,0.0302,12.27,-0.0024000000000000002,58140.0,0.056,0.0,12662.0,57472.0,0.0427,0.4778,0.47800000000000004,0.0,0.011,0.0,-0.008,9.996
54893185,1,0,0.001,-0.016,0.007,0.005,0.0,-0.0304,0.0304,12.27,-0.0025,58364.0,0.056,0.0,16676.0,57252.0,0.043000000000000003,0.4778,0.47800000000000004,0.0,0.011,0.0,-0.335,9.996
54898224,1,0,0.02,0.06,-0.017,0.006,0.0,-0.029300000000000003,0.029300000000000003,12.27,-0.0027,57916.0,0.056,0.0,0.0,57472.0,0.0414,0.47750000000000004,0.47700000000000004,0.0,0.003,0.0,-0.228,9.996
54900508,1,0,0.011,-0.015,0.003,0.006,0.0,-0.0298,0.0297,12.27,-0.0027,58140.0,0.056,0.0,2284.0,57472.0,0.042100000000000005,0.47750000000000004,0.47700000000000004,0.0,0.003,0.0,-0.203,9.996
54904545,1,0,-0.018000000000000002,0.067,-0.008,0.006,0.0,-0.0307,0.0307,12.27,-0.0029000000000000002,58140.0,0.0589,0.0,6321.0,57472.0,0.0434,0.47750000000000004,0.47700000000000004,0.0,0.003,0.0,-0.012,10.053
54909149,1,0,-0.044,-0.027,0.021,0.006,0.0,-0.0292,0.0292,12.27,-0.0028,58140.0,0.056,0.0,10925.0,57252.0,0.0413,0.47700000000000004,0.47600000000000003,0.0,-0.009000000000000001,0.0,-0.018000000000000002,10.053
54913233,1,0,0.038,0.043000000000000003,-0.014,0.006,0.0,-0.0304,0.0303,12.27,-0.003,58364.0,0.056,0.0,15009.0,57692.0,0.0429,0.47700000000000004,0.47600000000000003,0.0,-0.009000000000000001,0.0,-0.331,10.053
54917553,1,0,-0.041,-0.032,0.013000000000000001,0.006,0.0,-0.0303,0.0303,12.27,-0.003,58364.0,0.056,0.0,0.0,57472.0,0.042800000000000005,0.4773,0.47800000000000004,0.0,-0.001,0.0,-0.002,10.053
54920678,1,0,0.039,0.053,-0.004,0.007,0.0,-0.0303,0.0303,12.27,-0.0032,58140.0,0.056,0.0,3125.0,57472.0,0.042800000000000005,0.4773,0.47800000000000004,0.0,-0.001,0.0,-0.325,10.053
54925505,1,0,-0.04,0.026000000000000002,0.003,0.007,0.0,-0.028800000000000003,0.028800000000000003,12.27,-0.0032,58140.0,0.053000000000000005,0.0,7952.0,57692.0,0.0408,0.47790000000000005,0.47900000000000004,0.0,0.011,0.0,0.061,10.01
54929544,1,0,0.034,-0.018000000000000002,0.003,0.007,0.0,-0.028800000000000003,0.028800000000000003,12.27,-0.0033,58140.0,0.053000000000000005,0.0,11991.0,57472.0,0.0408,0.47790000000000005,0.47900000000000004,0.0,0.011,0.0,-0.219,10.01
54934205,1,0,0.053,0.04,-0.011,0.007,0.0,-0.026500000000000003,0.026500000000000003,12.3,-0.0033,58140.0,0.0502,0.0,16652.0,57472.0,0.0374,0.47790000000000005,0.47900000000000004,0.0,0.011,0.0,-0.088,10.01
54936205,1,0,0.055,-0.012,0.003,0.007,0.0,-0.0273,0.0273,12.3,-0.0033,58364.0,0.0502,0.0,0.0,57692.0,0.0386,0.4787,0.48000000000000004,0.0,0.023,0.0,-0.224,10.01
54940545,1,0,-0.001,0.038,-0.009000000000000001,0.007,0.0,-0.0287,0.0287,12.3,-0.0033,58592.0,0.053200000000000004,0.0,4340.0,57692.0,0.040600000000000004,0.4787,0.48000000000000004,0.0,0.023,0.0,0.14400000000000002,10.01
54945236,1,0,-0.025,-0.034,0.018000000000000002,0.006,0.0,-0.0268,0.0268,12.3,-0.0031000000000000003,58364.0,0.0502,0.0,9031.0,57472.0,0.0379,0.47950000000000004,0.48100000000000004,0.0,0.037,0.0,0.20600000000000002,10.012
54949553,1,0,0.048,0.038,-0.006,0.007,0.0,-0.0269,0.0269,12.3,-0.0032,58140.0,0.0502,0.0,13348.0,57692.0,0.038,0.47950000000000004,0.48100000000000004,0.0,0.037,0.0,0.037,10.012
54952177,1,0,-0.018000000000000002,-0.045,0.001,0.006,0.0,-0.0262,0.0262,12.3,-0.003,58140.0,0.0502,0.0,15972.0,57252.0,0.037000000000000005,0.47950000000000004,0.48100000000000004,0.0,0.037,0.0,0.051000000000000004,10.012
54956548,1,0,0.077,0.029,-0.015,0.006,0.0,-0.0273,0.0273,12.3,-0.003,58364.0,0.0502,0.0,0.0,57472.0,0.0386,0.48040000000000005,0.48200000000000004,0.0,0.047,0.0,-0.213,10.012
54961186,1,0,-0.035,0.002,0.005,0.006,0.0,-0.0261,0.0261,12.3,-0.0029000000000000002,58140.0,0.0502,0.0,4638.0,57692.0,0.0369,0.48040000000000005,0.48200000000000004,0.0,0.047,0.0,0.07,10.012
54965507,1,0,0.059000000000000004,-0.03,-0.001,0.006,0.0,-0.0251,0.0251,12.3,-0.0028,58140.0,0.0473,0.0,8959.0,57472.0,0.035500000000000004,0.4813,0.48300000000000004,0.0,0.056,0.0,-0.34900000000000003,10.049
54968248,1,0,-0.044,-0.016,0.007,0.006,0.0,-0.0244,0.0244,12.3,-0.0028,58364.0,0.0473,0.0,11700.0,57692.0,0.0345,0.4813,0.48300000000000004,0.0,0.056,0.0,0.094,10.049
54973241,1,0,0.02,-0.054,0.006,0.005,0.0,-0.023100000000000002,0.023100000000000002,12.3,-0.0025,58140.0,0.0443,0.0,16693.0,57692.0,0.0327,0.4813,0.48300000000000004,0.0,0.056,0.0,-0.20500000000000002,10.049
54978243,1,0,0.101,-0.005,-0.006,0.005,0.0,-0.0233,0.0233,12.3,-0.0024000000000000002,58140.0,0.0443,0.0,0.0,57472.0,0.033,0.48150000000000004,0.48200000000000004,0.0,0.05,0.0,-0.15,10.049
54980545,1,0,0.038,-0.049,0.006,0.005,0.0,-0.0234,0.0233,12.3,-0.0023,58364.0,0.0443,0.0,2302.0,57472.0,0.033,0.48150000000000004,0.48200000000000004,0.0,0.05,0.0,-0.135,10.049
54985544,1,0,0.088,-0.01,0.003,0.005,0.0,-0.0234,0.0234,12.3,-0.0022,58140.0,0.0443,0.0,7301.0,57692.0,0.033100000000000004,0.48100000000000004,0.48000000000000004,0.0,0.029,0.0,-0.186,9.977
54988251,1,0,-0.011,-0.061,0.005,0.004,0.0,-0.0218,0.0218,12.3,-0.002,58140.0,0.0414,0.0,10008.0,57692.0,0.0309,0.48100000000000004,0.48000000000000004,0.0,0.029,0.0,-0.168,9.977
54993303,1,0,0.084,-0.02,-0.004,0.004,0.0,-0.0238,0.023700000000000002,12.3,-0.0018000000000000002,58140.0,0.0443,0.0,15060.0,57472.0,0.033600000000000005,0.48100000000000004,0.48000000000000004,0.0,0.029,0.0,-0.398,9.977
54997545,1,0,-0.042,-0.025,0.007,0.004,0.0,-0.022500000000000003,0.022500000000000003,12.3,-0.0017000000000000001,58364.0,0.0414,0.0,0.0,57472.0,0.031900000000000005,0.48100000000000004,0.48100000000000004,0.0,0.023,0.0,0.07100000000000001,9.977
55000212,1,0,0.081,-0.03,-0.01,0.003,0.0,-0.0212,0.0212,12.33,-0.0015,58140.0,0.0415,0.0,2667.0,57472.0,0.030000000000000002,0.48100000000000004,0.48100000000000004,0.0,0.023,0.0,-0.233,9.977
55004316,1,0,-0.047,-0.032,0.001,0.003,0.0,-0.0211,0.0211,12.33,-0.0014,58364.0,0.0385,0.0,6771.0,57692.0,0.029900000000000003,0.48100000000000004,0.48100000000000004,0.0,0.019,0.0,0.246,10.044
55008545,1,0,0.069,-0.043000000000000003,0.003,0.003,0.0,-0.020300000000000002,0.020300000000000002,12.33,-0.0012000000000000001,58140.0,0.0385,0.0,11000.0,57692.0,0.028800000000000003,0.48100000000000004,0.48100000000000004,0.0,0.019,0.0,-0.15,10.044
55013553,1,0,-0.019,-0.025,-0.005,0.002,0.0,-0.020200000000000003,0.020200000000000003,12.33,-0.0012000000000000001,58140.0,0.0385,0.0,16008.0,57472.0,0.0286,0.48100000000000004,0.48100000000000004,0.0,0.019,0.0,0.311,10.044
55016261,1,0,0.023,-0.057,-0.006,0.002,0.0,-0.0198,0.0198,12.33,-0.0009000000000000001,58140.0,0.0385,0.0,0.0,57692.0,0.028,0.4803,0.47900000000000004,0.0,0.001,0.0,-0.015,10.044
55020677,1,0,0.026000000000000002,-0.028,0.007,0.002,0.0,-0.0193,0.0193,12.33,-0.0009000000000000001,58140.0,0.0356,0.0,4416.0,57472.0,0.0273,0.4803,0.47900000000000004,0.0,0.001,0.0,0.392,10.044
55025507,1,0,-0.079,-0.047,0.007,0.002,0.0,-0.0213,0.0213,12.33,-0.0008,58364.0,0.0415,0.0,9246.0,57692.0,0.030100000000000002,0.4788,0.47600000000000003,0.0,-0.029,0.0,0.365,10.047
55028276,1,0,0.07,-0.041,-0.003,0.001,0.0,-0.0188,0.0188,12.33,-0.0007,58140.0,0.0356,0.0,12015.0,57472.0,0.026600000000000002,0.4788,0.47600000000000003,0.0,-0.029,0.0,0.232,10.047
55033280,1,0,-0.106,-0.052000000000000005,0.015,0.002,0.0,-0.0217,0.0217,12.33,-0.0008,58140.0,0.0415,0.0,17019.0,57472.0,0.030600000000000002,0.4788,0.47600000000000003,0.0,-0.029,0.0,0.256,10.047
55038321,1,0,-0.028,-0.063,-0.001,0.001,0.0,-0.0175,0.0175,12.33,-0.0005,58364.0,0.032600000000000004,0.0,0.0,57472.0,0.0247,0.47750000000000004,0.47500000000000003,0.0,-0.05,0.0,-0.129,10.047
55040545,1,0,-0.11900000000000001,-0.052000000000000005,0.0,0.001,0.0,-0.0196,0.0196,12.33,-0.0006000000000000001,58140.0,0.0356,0.0,2224.0,57692.0,0.027700000000000002,0.47750000000000004,0.47500000000000003,0.0,-0.05,0.0,0.273,10.047
55044545,1,0,0.055,-0.037,0.002,0.001,0.0,-0.021500000000000002,0.021500000000000002,12.34,-0.0005,58364.0,0.0415,0.0,6224.0,57472.0,0.0304,0.47590000000000005,0.47300000000000003,0.0,-0.07100000000000001,0.0,0.128,10.102
55049544,1,0,-0.001,-0.028,0.006,0.001,0.0,-0.019,0.019,12.34,-0.0005,58140.0,0.0356,0.0,11223.0,57252.0,0.0269,0.47590000000000005,0.47300000000000003,0.0,-0.07100000000000001,0.0,0.271,10.102
55054354,1,0,-0.055,-0.041,-0.008,0.001,0.0,-0.019100000000000002,0.019100000000000002,12.34,-0.0004,58364.0,0.0356,0.0,16033.0,57692.0,0.027100000000000003,0.4756,0.47500000000000003,0.0,-0.063,0.0,0.024,10.102
55056546,1,0,0.015,-0.022,0.004,0.001,0.0,-0.0182,0.0182,12.34,-0.0004,58364.0,0.0356,0.0,0.0,57692.0,0.0257,0.4756,0.47500000000000003,0.0,-0.063,0.0,0.14300000000000002,10.102
55061255,1,0,-0.043000000000000003,-0.028,0.001,0.0,0.0,-0.020800000000000003,0.020800000000000003,12.34,-0.0002,58140.0,0.0385,0.0,4709.0,57692.0,0.029400000000000003,0.4756,0.47500000000000003,0.0,-0.063,0.0,0.088,10.102
55065506,1,0,0.077,0.004,-0.006,0.0,0.0,-0.0195,0.0195,12.34,-0.0001,58364.0,0.0356,0.0,8960.0,57692.0,0.0275,0.4761,0.47700000000000004,0.0,-0.041,0.0,0.152,10.012
55069506,1,0,-0.037,-0.008,-0.01,0.0,0.0,-0.021400000000000002,0.021400000000000002,12.34,0.0,58364.0,0.0415,0.0,12960.0,57692.0,0.0303,0.4761,0.47700000000000004,0.0,-0.041,0.0,0.27,10.012
55073543,1,0,0.074,0.024,0.004,0.0,0.0,-0.020900000000000002,0.020900000000000002,12.34,0.0001,58140.0,0.0385,0.0,16997.0,57472.0,0.029500000000000002,0.4761,0.47700000000000004,0.0,-0.041,0.0,-0.031,10.012
55077552,1,0,-0.02,-0.005,-0.005,0.0,0.0,-0.0195,0.0195,12.370000000000001,0.0001,58140.0,0.0357,0.0,0.0,57692.0,0.027600000000000003,0.47640000000000005,0.47700000000000004,0.0,-0.026000000000000002,0.0,0.162,10.012
55080269,1,0,0.083,0.026000000000000002,0.0,0.0,0.0,-0.0187,0.0187,12.370000000000001,0.0002,58140.0,0.0357,0.0,2717.0,57472.0,0.026500000000000003,0.47640000000000005,0.47700000000000004,0.0,-0.026000000000000002,0.0,0.066,10.012
55084328,1,0,0.012,-0.009000000000000001,0.009000000000000001,-0.001,0.0,-0.0176,0.0176,12.370000000000001,0.00030000000000000003,58364.0,0.0327,0.0,6776.0,57692.0,0.024900000000000002,0.4763,0.47600000000000003,0.0,-0.024,0.0,0.179,10.012
55089311,1,0,0.032,0.003,-0.003,-0.001,0.0,-0.0176,0.0176,12.370000000000001,0.0005,58364.0,0.0327,0.0,11759.0,57692.0,0.024900000000000002,0.4763,0.47600000000000003,0.0,-0.024,0.0,-0.059000000000000004,10.07
55094368,1,0,0.109,0.028,0.002,-0.001,0.0,-0.0183,0.0183,12.370000000000001,0.0006000000000000001,58364.0,0.0357,0.0,16816.0,57692.0,0.0258,0.47690000000000005,0.47800000000000004,0.0,-0.007,0.0,-0.038,10.07
55096547,1,0,0.046,0.003,0.007,-0.001,0.0,-0.0176,0.0176,12.370000000000001,0.0007,57916.0,0.0327,0.0,0.0,57692.0,0.024800000000000003,0.47690000000000005,0.47800000000000004,0.0,-0.007,0.0,-0.076,10.07
55101280,1,0,0.107,0.022,0.001,-0.002,0.0,-0.0178,0.0178,12.370000000000001,0.0009000000000000001,58364.0,0.0327,0.0,4733.0,57472.0,0.0251,0.47690000000000005,0.47800000000000004,0.0,-0.007,0.0,-0.012,10.07
55105545,1,0,-0.011,-0.022,0.003,-0.002,0.0,-0.0189,0.0189,12.370000000000001,0.0011,58364.0,0.0357,0.0,8998.0,57692.0,0.0268,0.4776,0.47900000000000004,0.0,0.009000000000000001,0.0,0.122,10.037
55109552,1,0,0.094,0.024,0.0,-0.003,0.0,-0.019,0.019,12.370000000000001,0.0012000000000000001,58364.0,0.0357,0.0,13005.0,57692.0,0.0269,0.4776,0.47900000000000004,0.0,0.009000000000000001,0.0,-0.097,10.037
55114356,1,0,0.052000000000000005,-0.007,0.004,-0.003,0.0,-0.0188,0.0188,12.370000000000001,0.0013000000000000002,58140.0,0.0357,0.0,17809.0,57692.0,0.0267,0.4781,0.47900000000000004,0.0,0.017,0.0,0.064,10.037
55116544,1,0,0.089,0.029,-0.008,-0.003,0.0,-0.019100000000000002,0.019100000000000002,12.370000000000001,0.0013000000000000002,58140.0,0.0357,0.0,0.0,57692.0,0.0269,0.4781,0.47900000000000004,0.0,0.017,0.0,-0.21,10.037
55120680,1,0,-0.063,-0.024,0.007,-0.002,0.0,-0.022600000000000002,0.022600000000000002,12.370000000000001,0.0012000000000000001,58140.0,0.041600000000000005,0.0,4136.0,57692.0,0.032,0.4781,0.47900000000000004,0.0,0.017,0.0,0.134,10.037
55125544,1,0,-0.013000000000000001,-0.005,-0.005,-0.002,0.0,-0.018500000000000003,0.018500000000000003,12.370000000000001,0.0012000000000000001,58364.0,0.0357,0.0,9000.0,57692.0,0.0261,0.4781,0.47800000000000004,0.0,0.013000000000000001,0.0,-0.14100000000000001,9.998
55130302,1,0,0.066,0.027,-0.008,-0.002,0.0,-0.0218,0.0218,12.370000000000001,0.0012000000000000001,58364.0,0.041600000000000005,0.0,13758.0,57692.0,0.0308,0.4781,0.47800000000000004,0.0,0.013000000000000001,0.0,-0.10300000000000001,9.998
55132341,1,0,0.003,0.005,-0.006,-0.002,0.0,-0.020200000000000003,0.0201,12.370000000000001,0.0011,58364.0,0.0386,0.0,15797.0,57692.0,0.0285,0.4781,0.47800000000000004,0.0,0.013000000000000001,0.0,-0.326,9.998
55136545,1,0,0.033,-0.01,0.007,-0.002,0.0,-0.0194,0.0194,12.370000000000001,0.0012000000000000001,58140.0,0.0357,0.0,0.0,57692.0,0.0275,0.4777,0.47700000000000004,0.0,0.003,0.0,-0.075,9.998
55141552,1,0,-0.041,-0.022,-0.008,-0.002,0.0,-0.0213,0.0213,12.370000000000001,0.0012000000000000001,58140.0,0.041600000000000005,0.0,5007.0,57472.0,0.030100000000000002,0.4777,0.47700000000000004,0.0,0.003,0.0,-0.298,9.998
55144389,1,0,0.043000000000000003,0.011,-0.008,-0.003,0.0,-0.0212,0.0212,12.370000000000001,0.0013000000000000002,58364.0,0.041600000000000005,0.0,7844.0,57692.0,0.030000000000000002,0.4771,0.47600000000000003,0.0,-0.009000000000000001,0.0,-0.115,9.998
55148523,1,0,-0.067,-0.046,0.003,-0.003,0.0,-0.0228,0.0227,12.41,0.0013000000000000002,58592.0,0.0417,0.0,11978.0,57692.0,0.0322,0.4771,0.47600000000000003,0.0,-0.009000000000000001,0.0,-0.196,10.055
55153363,1,0,0.006,0.028,-0.012,-0.003,0.0,-0.0228,0.0228,12.41,0.0013000000000000002,58364.0,0.044700000000000004,0.0,16818.0,57692.0,0.0322,0.4771,0.47600000000000003,0.0,-0.009000000000000001,0.0,-0.47600000000000003,10.055
55157545,1,0,-0.042,-0.044,0.011,-0.003,0.0,-0.023200000000000002,0.023200000000000002,12.41,0.0012000000000000001,58364.0,0.044700000000000004,0.0,0.0,57692.0,0.0328,0.47640000000000005,0.47500000000000003,0.0,-0.022,0.0,-0.14,10.055
55160323,1,0,0.01,0.049,-0.003,-0.002,0.0,-0.0238,0.0238,12.41,0.0011,58364.0,0.044700000000000004,0.0,2778.0,57692.0,0.0337,0.47640000000000005,0.47500000000000003,0.0,-0.022,0.0,-0.42,10.055
55164545,1,0,-0.053,-0.051000000000000004,0.012,-0.002,0.0,-0.0233,0.0233,12.41,0.0011,58592.0,0.044700000000000004,0.0,7000.0,57692.0,0.0329,0.4752,0.47300000000000003,0.0,-0.041,0.0,0.012,10.055
55169330,1,0,-0.063,-0.008,-0.005,-0.002,0.0,-0.023700000000000002,0.023700000000000002,12.41,0.0009000000000000001,58364.0,0.044700000000000004,0.0,11785.0,57692.0,0.0335,0.4752,0.47300000000000003,0.0,-0.041,0.0,-0.257,10.112
55173553,1,0,-0.025,-0.022,0.015,-0.002,0.0,-0.023700000000000002,0.023700000000000002,12.41,0.0009000000000000001,58592.0,0.044700000000000004,0.0,16008.0,57692.0,0.0335,0.4752,0.47300000000000003,0.0,-0.041,0.0,-0.088,10.112
55176372,1,0,-0.048,0.014,0.004,-0.001,0.0,-0.0241,0.0241,12.41,0.0007,58140.0,0.044700000000000004,0.0,0.0,57916.0,0.0341,0.47550000000000003,0.47600000000000003,0.0,-0.027,0.0,-0.296,10.112
55180505,1,0,-0.003,0.016,0.005,-0.001,0.0,-0.0244,0.0244,12.41,0.0007,58140.0,0.0477,0.0,4133.0,57472.0,0.0345,0.47550000000000003,0.47600000000000003,0.0,-0.027,0.0,-0.054,10.112
55185340,1,0,-0.06,-0.052000000000000005,0.013000000000000001,-0.001,0.0,-0.023700000000000002,0.023700000000000002,12.41,0.0005,58364.0,0.044700000000000004,0.0,8968.0,57692.0,0.0335,0.47640000000000005,0.47800000000000004,0.0,-0.004,0.0,0.019,10.112
55189543,1,0,-0.002,0.066,-0.014,-0.001,0.0,-0.025,0.025,12.41,0.0005,58364.0,0.0477,0.0,13171.0,57692.0,0.0354,0.47640000000000005,0.47800000000000004,0.0,-0.004,0.0,-0.195,10.026
55192354,1,0,-0.07,-0.053,0.009000000000000001,-0.001,0.0,-0.025500000000000002,0.025500000000000002,12.41,0.0004,58364.0,0.0477,0.0,15982.0,57692.0,0.036000000000000004,0.47640000000000005,0.47800000000000004,0.0,-0.004,0.0,-0.037,10.026
55196545,1,0,-0.001,0.078,-0.019,-0.001,0.0,-0.0261,0.0261,12.41,0.00030000000000000003,58592.0,0.0507,0.0,0.0,57692.0,0.0369,0.4766,0.47700000000000004,0.0,0.001,0.0,-0.268,10.026
55201388,1,0,-0.046,-0.01,0.018000000000000002,0.0,0.0,-0.0268,0.0268,12.41,0.0002,58140.0,0.0507,0.0,4843.0,57692.0,0.0379,0.4766,0.47700000000000004,0.0,0.001,0.0,0.061,10.026
55205553,1,0,-0.015,0.077,-0.013000000000000001,0.0,0.0,-0.027100000000000003,0.027100000000000003,12.41,0.0,58140.0,0.0507,0.0,9008.0,57472.0,0.0383,0.47640000000000005,0.47600000000000003,0.0,-0.003,0.0,-0.20500000000000002,10.026
55210353,1,0,-0.012,0.088,-0.007,0.0,0.0,-0.0275,0.0274,12.41,-0.0002,58140.0,0.0507,0.0,13808.0,57692.0,0.0388,0.47640000000000005,0.47600000000000003,0.0,-0.003,0.0,-0.17,9.976
55212358,1,0,-0.029,0.051000000000000004,-0.005,0.001,0.0,-0.027800000000000002,0.027700000000000002,12.41,-0.0004,58364.0,0.053700000000000005,0.0,15813.0,57692.0,0.0392,0.47640000000000005,0.47600000000000003,0.0,-0.003,0.0,-0.272,9.976
55216544,1,0,-0.007,0.029,0.008,0.001,0.0,-0.0258,0.0258,12.41,-0.0005,58140.0,0.0477,0.0,0.0,57472.0,0.036500000000000005,0.47590000000000005,0.47500000000000003,0.0,-0.012,0.0,-0.037,9.976
55221545,1,0,-0.024,-0.023,0.008,0.002,0.0,-0.027200000000000002,0.027200000000000002,12.44,-0.0009000000000000001,58140.0,0.050800000000000005,0.0,5001.0,57692.0,0.038400000000000004,0.47590000000000005,0.47500000000000003,0.0,-0.012,0.0,0.034,9.976
55224390,1,0,0.011,0.079,-0.007,0.002,0.0,-0.0273,0.0273,12.44,-0.0009000000000000001,58364.0,0.050800000000000005,0.0,7846.0,57472.0,0.0386,0.4756,0.47500000000000003,0.0,-0.016,0.0,0.045,9.976
55229408,1,0,-0.014,-0.022,0.025,0.002,0.0,-0.028300000000000002,0.028300000000000002,12.44,-0.0011,58364.0,0.0538,0.0,12864.0,57692.0,0.04,0.4756,0.47500000000000003,0.0,-0.016,0.0,0.098,10.069
55233418,1,0,0.006,0.088,-0.018000000000000002,0.003,0.0,-0.0275,0.0275,12.44,-0.0013000000000000002,58592.0,0.0523,0.0,16874.0,57692.0,0.038900000000000004,0.4756,0.47500000000000003,0.0,-0.016,0.0,-0.11900000000000001,10.069
55237553,1,0,-0.011,-0.022,0.015,0.003,0.0,-0.0287,0.0287,12.44,-0.0013000000000000002,58364.0,0.0538,0.0,0.0,57692.0,0.0405,0.4761,0.47700000000000004,0.0,-0.003,0.0,0.096,10.069
55240377,1,0,0.014,0.112,-0.014,0.003,0.0,-0.0298,0.0298,12.44,-0.0015,58364.0,0.0568,0.0,2824.0,57916.0,0.042100000000000005,0.4761,0.47700000000000004,0.0,-0.003,0.0,0.038,10.069
55244546,1,0,-0.002,0.006,0.002,0.003,0.0,-0.029900000000000003,0.029900000000000003,12.44,-0.0016,58364.0,0.0568,0.0,6993.0,57916.0,0.042300000000000004,0.4768,0.47800000000000004,0.0,0.011,0.0,0.227,10.069
55249400,1,0,-0.023,0.011,0.002,0.004,0.0,-0.0297,0.0297,12.44,-0.0018000000000000002,58364.0,0.0568,0.0,11847.0,57472.0,0.042100000000000005,0.4768,0.47800000000000004,0.0,0.011,0.0,-0.016,10.067
55254412,1,0,0.022,0.12,-0.018000000000000002,0.004,0.0,-0.0307,0.0307,12.44,-0.0021000000000000003,58364.0,0.059800000000000006,0.0,16859.0,57692.0,0.0434,0.4772,0.47800000000000004,0.0,0.018000000000000002,0.0,0.08,10.067
55256427,1,0,-0.004,0.018000000000000002,-0.005,0.004,0.0,-0.029400000000000003,0.029400000000000003,12.44,-0.0021000000000000003,58364.0,0.0568,0.0,0.0,57692.0,0.041600000000000005,0.4772,0.47800000000000004,0.0,0.018000000000000002,0.0,0.07,10.067
55260545,1,0,0.002,0.097,-0.012,0.005,0.0,-0.030500000000000003,0.030500000000000003,12.44,-0.0022,58592.0,0.0568,0.0,4118.0,57916.0,0.0431,0.4772,0.47800000000000004,0.0,0.018000000000000002,0.0,0.199,10.067
55265394,1,0,-0.029,-0.02,0.013000000000000001,0.005,0.0,-0.031400000000000004,0.031400000000000004,12.44,-0.0024000000000000002,58364.0,0.059800000000000006,0.0,8967.0,57916.0,0.0444,0.4771,0.47700000000000004,0.0,0.013000000000000001,0.0,0.28,10.067
55269553,1,0,0.016,0.107,-0.014,0.005,0.0,-0.030000000000000002,0.030000000000000002,12.450000000000001,-0.0025,58592.0,0.0568,0.0,13126.0,57916.0,0.0425,0.4771,0.47700000000000004,0.0,0.013000000000000001,0.0,0.161,10.11
55271803,1,0,0.009000000000000001,0.023,-0.009000000000000001,0.005,0.0,-0.0298,0.0298,12.450000000000001,-0.0026000000000000003,58364.0,0.0568,0.0,15376.0,57916.0,0.042100000000000005,0.4771,0.47700000000000004,0.0,0.013000000000000001,0.0,-0.035,10.11
55276544,1,0,0.015,0.064,-0.007,0.006,0.0,-0.0291,0.0291,12.46,-0.0027,58592.0,0.056900000000000006,0.0,0.0,58140.0,0.0412,0.4767,0.47600000000000003,0.0,0.002,0.0,-0.295,10.11
55280544,1,0,-0.038,-0.008,0.015,0.006,0.0,-0.0329,0.0329,12.46,-0.0027,58140.0,0.0629,0.0,4000.0,57472.0,0.0465,0.4767,0.47600000000000003,0.0,0.002,0.0,0.14100000000000001,10.11
55285446,1,0,-0.014,-0.027,0.005,0.006,0.0,-0.032,0.031900000000000005,12.46,-0.0028,58364.0,0.0599,0.0,8902.0,57692.0,0.045200000000000004,0.47790000000000005,0.48000000000000004,0.0,0.025,0.0,-0.011,10.11
55290410,1,0,0.0,0.079,-0.009000000000000001,0.006,0.0,-0.0324,0.0324,12.46,-0.0029000000000000002,58364.0,0.0629,0.0,13866.0,57692.0,0.0458,0.47790000000000005,0.48000000000000004,0.0,0.025,0.0,0.016,10.061
55292414,1,0,-0.026000000000000002,-0.022,0.008,0.006,0.0,-0.033,0.033,12.46,-0.0029000000000000002,58364.0,0.0629,0.0,15870.0,57472.0,0.046700000000000005,0.47790000000000005,0.48000000000000004,0.0,0.025,0.0,-0.131,10.061
55296546,1,0,-0.037,0.068,-0.008,0.006,0.0,-0.0328,0.0327,12.46,-0.0031000000000000003,58592.0,0.0629,0.0,0.0,57916.0,0.0463,0.4797,0.48300000000000004,0.0,0.056,0.0,0.177,10.061
55301419,1,0,-0.063,-0.045,0.019,0.007,0.0,-0.0318,0.0317,12.46,-0.0032,58940.0,0.0599,0.0,4873.0,57692.0,0.0449,0.4797,0.48300000000000004,0.0,0.056,0.0,0.233,10.061
55303589,1,0,-0.044,0.064,-0.003,0.007,0.0,-0.032100000000000004,0.032100000000000004,12.46,-0.0033,58140.0,0.0599,0.0,7043.0,57692.0,0.0455,0.4797,0.48300000000000004,0.0,0.056,0.0,0.226,10.061
55308469,1,0,-0.07200000000000001,-0.059000000000000004,0.007,0.007,0.0,-0.0325,0.0325,12.47,-0.0034000000000000002,58364.0,0.0629,0.0,11923.0,57692.0,0.0459,0.4801,0.48100000000000004,0.0,0.054,0.0,0.224,10.061
55313473,1,0,-0.004,0.01,-0.002,0.008,0.0,-0.0316,0.0316,12.47,-0.0037,58592.0,0.0599,0.0,16927.0,57692.0,0.0446,0.4801,0.48100000000000004,0.0,0.054,0.0,-0.129,10.028
55318520,1,0,-0.028,0.07200000000000001,-0.012,0.008,0.0,-0.0318,0.0318,12.47,-0.0038,58592.0,0.0599,0.0,0.0,57692.0,0.045000000000000005,0.4797,0.47900000000000004,0.0,0.035,0.0,-0.081,10.028
55320678,1,0,-0.005,0.019,-0.007,0.008,0.0,-0.0324,0.0324,12.47,-0.0039000000000000003,58592.0,0.0629,0.0,2158.0,57692.0,0.0458,0.4797,0.47900000000000004,0.0,0.035,0.0,-0.278,10.028
55325550,1,0,-0.033,0.062,-0.016,0.008,0.0,-0.032,0.032,12.47,-0.004,58364.0,0.0599,0.0,7030.0,57692.0,0.0453,0.4798,0.48000000000000004,0.0,0.03,0.0,-0.044,10.028
55330479,1,0,-0.066,-0.048,0.018000000000000002,0.009000000000000001,0.0,-0.0318,0.0318,12.47,-0.0041,58708.0,0.0599,0.0,11959.0,57692.0,0.045000000000000005,0.4798,0.48000000000000004,0.0,0.03,0.0,0.006,10.006
55332545,1,0,-0.031,0.059000000000000004,-0.011,0.009000000000000001,0.0,-0.0317,0.0317,12.47,-0.004200000000000001,58140.0,0.0599,0.0,14025.0,57692.0,0.0448,0.4798,0.48000000000000004,0.0,0.03,0.0,-0.14300000000000002,10.006
55337435,1,0,-0.064,-0.053,0.016,0.009000000000000001,0.0,-0.031900000000000005,0.031900000000000005,12.49,-0.0043,58592.0,0.060000000000000005,0.0,0.0,57916.0,0.0451,0.47990000000000005,0.48000000000000004,0.0,0.025,0.0,0.013000000000000001,10.006
55342446,1,0,0.002,-0.016,0.008,0.009000000000000001,0.0,-0.0318,0.0318,12.49,-0.0045000000000000005,58364.0,0.060000000000000005,0.0,5011.0,58140.0,0.045000000000000005,0.47990000000000005,0.48000000000000004,0.0,0.025,0.0,-0.363,10.006
55344515,1,0,-0.057,-0.069,0.028,0.009000000000000001,0.0,-0.0308,0.0308,12.49,-0.0045000000000000005,58592.0,0.060000000000000005,0.0,7080.0,57692.0,0.0436,0.4796,0.47900000000000004,0.0,0.014,0.0,-0.075,10.006
55350455,1,0,-0.024,-0.053,0.015,0.01,0.0,-0.032,0.032,12.49,-0.0048000000000000004,58592.0,0.060000000000000005,0.0,13020.0,57692.0,0.0453,0.4796,0.47900000000000004,0.0,0.014,0.0,-0.188,9.996
55352494,1,0,-0.07200000000000001,-0.036000000000000004,0.019,0.01,0.0,-0.031400000000000004,0.031400000000000004,12.49,-0.0048000000000000004,58364.0,0.060000000000000005,0.0,15059.0,57692.0,0.0444,0.4796,0.47900000000000004,0.0,0.014,0.0,0.155,9.996
55357495,1,0,0.013000000000000001,-0.04,0.015,0.01,0.0,-0.028800000000000003,0.028800000000000003,12.49,-0.0049,58364.0,0.054,0.0,0.0,57916.0,0.0407,0.47900000000000004,0.47800000000000004,0.0,0.0,0.0,-0.366,9.996
55361502,1,0,-0.024,0.059000000000000004,-0.006,0.01,0.0,-0.0302,0.0302,12.5,-0.005,58708.0,0.057100000000000005,0.0,4007.0,57692.0,0.0427,0.47900000000000004,0.47800000000000004,0.0,0.0,0.0,-0.176,9.996
55366589,1,0,-0.023,-0.063,0.021,0.01,0.0,-0.0307,0.0307,12.5,-0.005,58708.0,0.0601,0.0,9094.0,57692.0,0.043500000000000004,0.47900000000000004,0.47900000000000004,0.0,0.0,0.0,-0.031,9.996
55369508,1,0,0.023,0.059000000000000004,-0.007,0.011,0.0,-0.028,0.028,12.5,-0.0051,58364.0,0.0541,0.0,12013.0,57692.0,0.0396,0.47900000000000004,0.47900000000000004,0.0,0.0,0.0,-0.139,9.996
55371709,1,0,0.034,-0.027,0.006,0.01,0.0,-0.0279,0.0279,12.5,-0.005,58592.0,0.0541,0.0,14214.0,57692.0,0.039400000000000004,0.47900000000000004,0.47900000000000004,0.0,0.0,0.0,-0.298,9.996
55377549,1,0,0.05,0.042,-0.014,0.01,0.0,-0.028800000000000003,0.028800000000000003,12.5,-0.005,58364.0,0.0541,0.0,0.0,57916.0,0.0408,0.47900000000000004,0.47900000000000004,0.0,0.0,0.0,-0.462,10.018
55380514,1,0,-0.026000000000000002,-0.06,0.014,0.01,0.0,-0.0286,0.0286,12.5,-0.0049,58592.0,0.0541,0.0,2965.0,57916.0,0.040400000000000005,0.47900000000000004,0.47900000000000004,0.0,0.0,0.0,-0.079,10.018
55386516,1,0,0.032,-0.054,0.004,0.01,0.0,-0.0267,0.0267,12.5,-0.0049,58364.0,0.0511,0.0,8967.0,57916.0,0.0378,0.47900000000000004,0.47900000000000004,0.0,0.0,0.0,-0.264,10.018
55388567,1,0,-0.026000000000000002,-0.039,0.009000000000000001,0.01,0.0,-0.026500000000000003,0.026500000000000003,12.5,-0.0048000000000000004,58824.0,0.0511,0.0,11018.0,57916.0,0.0375,0.47900000000000004,0.47900000000000004,0.0,0.0,0.0,0.08600000000000001,10.018
55393570,1,0,0.037,-0.048,0.005,0.01,0.0,-0.027100000000000003,0.027,12.52,-0.0048000000000000004,58592.0,0.0511,0.0,16021.0,57692.0,0.0383,0.47900000000000004,0.47900000000000004,0.0,0.0,0.0,-0.264,9.994
55396524,1,0,-0.023,-0.003,0.0,0.01,0.0,-0.026600000000000002,0.026600000000000002,12.52,-0.0047,58708.0,0.0511,0.0,0.0,57916.0,0.0376,0.4787,0.47800000000000004,0.0,-0.007,0.0,-0.054,9.994
55401530,1,0,0.018000000000000002,-0.066,0.014,0.01,0.0,-0.025500000000000002,0.025500000000000002,12.52,-0.0046,58824.0,0.048100000000000004,0.0,5006.0,57692.0,0.0361,0.4787,0.47800000000000004,0.0,-0.007,0.0,-0.121,9.994
55403613,1,0,-0.013000000000000001,-0.011,0.005,0.01,0.0,-0.0252,0.0252,12.52,-0.0046,58824.0,0.048100000000000004,0.0,7089.0,57692.0,0.0357,0.4787,0.47800000000000004,0.0,-0.007,0.0,0.161,9.994
55408582,1,0,0.026000000000000002,-0.06,0.009000000000000001,0.009000000000000001,0.0,-0.025500000000000002,0.025500000000000002,12.52,-0.0045000000000000005,58592.0,0.048100000000000004,0.0,12058.0,57692.0,0.036000000000000004,0.4791,0.48000000000000004,0.0,0.004,0.0,-0.06,9.994
55413622,1,0,0.08600000000000001,0.012,-0.009000000000000001,0.009000000000000001,0.0,-0.0235,0.0235,12.52,-0.0044,58592.0,0.0451,0.0,17098.0,57916.0,0.0332,0.4791,0.48000000000000004,0.0,0.004,0.0,-0.423,9.94
55416498,1,0,-0.002,-0.06,0.008,0.009000000000000001,0.0,-0.0241,0.0241,12.52,-0.004200000000000001,58592.0,0.0451,0.0,0.0,57692.0,0.0341,0.4801,0.48200000000000004,0.0,0.023,0.0,-0.17200000000000001,9.94
55420718,1,0,0.077,0.014,-0.011,0.009000000000000001,0.0,-0.0245,0.0245,12.530000000000001,-0.004200000000000001,58592.0,0.0482,0.0,4220.0,57916.0,0.0347,0.4801,0.48200000000000004,0.0,0.023,0.0,-0.435,9.94
55423592,1,0,-0.033,-0.061,0.014,0.008,0.0,-0.0262,0.0262,12.530000000000001,-0.0041,58592.0,0.0512,0.0,7094.0,57916.0,0.0371,0.4801,0.48200000000000004,0.0,0.023,0.0,-0.10200000000000001,9.94
55428554,1,0,0.043000000000000003,-0.025,-0.01,0.009000000000000001,0.0,-0.026000000000000002,0.025900000000000003,12.530000000000001,-0.0041,58592.0,0.0512,0.0,12056.0,57916.0,0.0367,0.48040000000000005,0.48100000000000004,0.0,0.024,0.0,-0.3,9.94
55433599,1,0,0.011,0.014,-0.019,0.009000000000000001,0.0,-0.0257,0.0257,12.530000000000001,-0.0043,58940.0,0.0482,0.0,17101.0,57692.0,0.0364,0.48040000000000005,0.48100000000000004,0.0,0.024,0.0,-0.169,9.94
55436553,1,0,0.035,-0.051000000000000004,0.002,0.008,0.0,-0.0227,0.0227,12.530000000000001,-0.0041,58708.0,0.0422,0.0,0.0,57916.0,0.032100000000000004,0.47990000000000005,0.47900000000000004,0.0,0.01,0.0,-0.532,9.94
55441563,1,0,0.007,0.006,-0.014,0.008,0.0,-0.0281,0.0281,12.530000000000001,-0.0041,58824.0,0.054200000000000005,0.0,5010.0,57916.0,0.0397,0.47990000000000005,0.47900000000000004,0.0,0.01,0.0,-0.335,9.94
55443618,1,0,0.017,-0.05,-0.002,0.008,0.0,-0.0263,0.0263,12.530000000000001,-0.004,58824.0,0.0512,0.0,7065.0,57916.0,0.037200000000000004,0.47990000000000005,0.47900000000000004,0.0,0.01,0.0,-0.434,9.94
55448608,1,0,0.056,-0.005,-0.009000000000000001,0.008,0.0,-0.020200000000000003,0.020200000000000003,12.55,-0.0039000000000000003,58592.0,0.0392,0.0,12055.0,57916.0,0.0285,0.4803,0.48100000000000004,0.0,0.015,0.0,-0.015,9.94
55451600,1,0,-0.003,-0.068,0.005,0.008,0.0,-0.0224,0.0224,12.55,-0.0037,58824.0,0.0422,0.0,15047.0,58140.0,0.0316,0.4803,0.48100000000000004,0.0,0.015,0.0,-0.059000000000000004,9.94
55456526,1,0,0.078,-0.023,-0.004,0.007,0.0,-0.0228,0.0228,12.55,-0.0035,58592.0,0.045200000000000004,0.0,0.0,57692.0,0.0323,0.4812,0.48300000000000004,0.0,0.031,0.0,-0.183,9.998
55461570,1,0,0.009000000000000001,-0.014,0.0,0.007,0.0,-0.020800000000000003,0.020800000000000003,12.55,-0.0032,58708.0,0.0392,0.0,5044.0,57916.0,0.029500000000000002,0.4812,0.48300000000000004,0.0,0.031,0.0,0.214,9.998
55463781,1,0,0.08,-0.015,-0.006,0.006,0.0,-0.0222,0.0222,12.55,-0.003,58824.0,0.0422,0.0,7255.0,57916.0,0.031400000000000004,0.4812,0.48300000000000004,0.0,0.031,0.0,-0.054,9.998
55468628,1,0,-0.007,-0.004,0.0,0.006,0.0,-0.023100000000000002,0.023100000000000002,12.55,-0.0027,58940.0,0.045200000000000004,0.0,12102.0,57916.0,0.0327,0.4822,0.48400000000000004,0.0,0.044,0.0,0.354,9.998
55473626,1,0,-0.013000000000000001,-0.054,0.013000000000000001,0.005,0.0,-0.0213,0.0213,12.56,-0.0024000000000000002,58592.0,0.042300000000000004,0.0,17100.0,57916.0,0.030100000000000002,0.4822,0.48400000000000004,0.0,0.044,0.0,0.28,9.949
55476578,1,0,0.045,-0.001,0.007,0.005,0.0,-0.0199,0.0199,12.56,-0.0023,58592.0,0.0392,0.0,0.0,57916.0,0.0281,0.4828,0.48400000000000004,0.0,0.048,0.0,0.314,9.949
55481584,1,0,-0.037,-0.039,0.01,0.004,0.0,-0.019700000000000002,0.019700000000000002,12.56,-0.0022,58592.0,0.0392,0.0,5006.0,57916.0,0.0279,0.4828,0.48400000000000004,0.0,0.048,0.0,0.211,9.949
55483632,1,0,0.041,-0.007,0.01,0.004,0.0,-0.0189,0.0189,12.56,-0.0022,59056.0,0.0362,0.0,7054.0,57916.0,0.0267,0.4828,0.48400000000000004,0.0,0.048,0.0,0.229,9.949
55488596,1,0,-0.035,-0.028,0.006,0.004,0.0,-0.0194,0.0194,12.56,-0.0021000000000000003,58708.0,0.0362,0.0,12018.0,57916.0,0.0274,0.4822,0.48100000000000004,0.0,0.025,0.0,0.183,9.949
55491591,1,0,0.093,-0.01,-0.002,0.004,0.0,-0.0183,0.0183,12.56,-0.002,58592.0,0.0362,0.0,15013.0,57916.0,0.025900000000000003,0.4822,0.48100000000000004,0.0,0.025,0.0,0.091,9.949
55495774,1,0,-0.027,-0.025,0.016,0.004,0.0,-0.0178,0.0178,12.56,-0.0019,58940.0,0.0332,0.0,0.0,57916.0,0.0252,0.4807,0.47800000000000004,0.0,-0.009000000000000001,0.0,0.092,10.081
55501598,1,0,0.037,-0.023,0.002,0.004,0.0,-0.0181,0.0181,12.56,-0.0017000000000000001,58940.0,0.0362,0.0,5824.0,58140.0,0.0256,0.4807,0.47800000000000004,0.0,-0.009000000000000001,0.0,-0.179,10.081
55503646,1,0,-0.025,-0.019,0.001,0.004,0.0,-0.0175,0.0175,12.56,-0.0018000000000000002,58940.0,0.0332,0.0,7872.0,57692.0,0.0247,0.4807,0.47800000000000004,0.0,-0.009000000000000001,0.0,0.13,10.081
55508686,1,0,0.051000000000000004,-0.016,-0.004,0.003,0.0,-0.0179,0.0179,12.58,-0.0015,58824.0,0.0332,0.0,12912.0,57916.0,0.025400000000000002,0.4801,0.47900000000000004,0.0,-0.019,0.0,-0.129,10.081
55511606,1,0,0.006,-0.013000000000000001,-0.002,0.003,0.0,-0.0177,0.0177,12.58,-0.0014,58708.0,0.0332,0.0,15832.0,57916.0,0.0251,0.4801,0.47900000000000004,0.0,-0.019,0.0,0.253,10.081
55516608,1,0,-0.002,-0.023,-0.014,0.002,0.0,-0.018000000000000002,0.018000000000000002,12.58,-0.0011,59056.0,0.0332,0.0,0.0,57916.0,0.025500000000000002,0.4801,0.48000000000000004,0.0,-0.016,0.0,0.048,9.992
55520716,1,0,0.08600000000000001,-0.012,-0.006,0.002,0.0,-0.018500000000000003,0.018500000000000003,12.58,-0.0009000000000000001,58708.0,0.0363,0.0,4108.0,57916.0,0.0261,0.4801,0.48000000000000004,0.0,-0.016,0.0,-0.006,9.992
55523661,1,0,-0.004,-0.017,-0.005,0.002,0.0,-0.019,0.019,12.58,-0.0008,59056.0,0.0363,0.0,7053.0,57916.0,0.0268,0.4801,0.48000000000000004,0.0,-0.016,0.0,0.043000000000000003,9.992
55528678,1,0,0.092,-0.01,-0.011,0.001,0.0,-0.0181,0.0181,12.58,-0.0006000000000000001,59056.0,0.0332,0.0,12070.0,58140.0,0.025500000000000002,0.47900000000000004,0.47700000000000004,0.0,-0.035,0.0,0.112,9.992
55531655,1,0,-0.046,-0.025,-0.001,0.001,0.0,-0.0189,0.0189,12.58,-0.0006000000000000001,58708.0,0.0363,0.0,15047.0,57916.0,0.0268,0.47900000000000004,0.47700000000000004,0.0,-0.035,0.0,0.20400000000000001,9.992
55536620,1,0,0.065,-0.021,0.01,0.001,0.0,-0.0165,0.0165,12.59,-0.0004,59056.0,0.0333,0.0,0.0,58140.0,0.0234,0.47690000000000005,0.47300000000000003,0.0,-0.07,0.0,-0.035,10.064
55541661,1,0,0.082,-0.031,0.006,0.001,0.0,-0.017400000000000002,0.017400000000000002,12.59,-0.0004,58708.0,0.0333,0.0,5041.0,57916.0,0.0246,0.47690000000000005,0.47300000000000003,0.0,-0.07,0.0,-0.029,10.064
55543695,1,0,0.078,-0.021,0.001,0.001,0.0,-0.017,0.017,12.59,-0.00030000000000000003,58824.0,0.0333,0.0,7075.0,58140.0,0.024,0.47690000000000005,0.47300000000000003,0.0,-0.07,0.0,-0.23600000000000002,10.064
55548701,1,0,0.059000000000000004,-0.03,0.015,0.0,0.0,-0.018500000000000003,0.018500000000000003,12.59,-0.0002,58940.0,0.0363,0.0,12081.0,57916.0,0.0262,0.4766,0.47600000000000003,0.0,-0.062,0.0,0.045,10.064
55551669,1,0,0.018000000000000002,-0.037,0.004,0.0,0.0,-0.017,0.017,12.59,0.0001,59056.0,0.0333,0.0,15049.0,58140.0,0.024,0.4766,0.47600000000000003,0.0,-0.062,0.0,-0.131,10.064
55556595,1,0,0.08,-0.015,0.003,-0.001,0.0,-0.0188,0.0188,12.59,0.00030000000000000003,59056.0,0.0363,0.0,0.0,58140.0,0.026600000000000002,0.4771,0.47800000000000004,0.0,-0.04,0.0,-0.13,10.057
55559769,1,0,-0.035,-0.04,0.003,-0.001,0.0,-0.0182,0.0182,12.59,0.0004,58824.0,0.0363,0.0,3174.0,57916.0,0.0257,0.4771,0.47800000000000004,0.0,-0.04,0.0,-0.163,10.057
55564664,1,0,0.068,0.006,-0.009000000000000001,-0.001,0.0,-0.019,0.0189,12.59,0.0006000000000000001,59056.0,0.0363,0.0,8069.0,58140.0,0.0268,0.4778,0.47900000000000004,0.0,-0.018000000000000002,0.0,-0.139,10.057
55567689,1,0,-0.069,-0.058,-0.007,-0.001,0.0,-0.0184,0.0184,12.61,0.0006000000000000001,58940.0,0.0364,0.0,11094.0,58140.0,0.026000000000000002,0.4778,0.47900000000000004,0.0,-0.018000000000000002,0.0,0.057,10.057
55573687,1,0,-0.026000000000000002,-0.021,-0.007,-0.002,0.0,-0.0188,0.0188,12.61,0.0008,59056.0,0.0364,0.0,17092.0,57916.0,0.026600000000000002,0.4778,0.47900000000000004,0.0,-0.018000000000000002,0.0,-0.051000000000000004,9.929
55576649,1,0,-0.009000000000000001,-0.042,-0.003,-0.002,0.0,-0.0183,0.0183,12.61,0.0008,59056.0,0.0364,0.0,0.0,57916.0,0.025900000000000003,0.4782,0.47900000000000004,0.0,-0.007,0.0,0.203,9.929
55581652,1,0,-0.066,-0.039,0.0,-0.002,0.0,-0.0198,0.0198,12.61,0.0008,59172.0,0.039400000000000004,0.0,5003.0,58140.0,0.028,0.4782,0.47900000000000004,0.0,-0.007,0.0,-0.099,9.929
55583773,1,0,-0.012,-0.05,0.002,-0.002,0.0,-0.018600000000000002,0.018600000000000002,12.61,0.0008,59056.0,0.0364,0.0,7124.0,58140.0,0.0263,0.4782,0.47900000000000004,0.0,-0.007,0.0,0.053,9.929
55588698,1,0,-0.065,-0.028,0.007,-0.002,0.0,-0.0198,0.0198,12.61,0.0007,58824.0,0.039400000000000004,0.0,12049.0,58140.0,0.028,0.47850000000000004,0.47900000000000004,0.0,0.001,0.0,-0.099,9.929
55591768,1,0,0.038,-0.022,0.009000000000000001,-0.002,0.0,-0.019700000000000002,0.019700000000000002,12.61,0.0008,58940.0,0.039400000000000004,0.0,15119.0,57916.0,0.027800000000000002,0.47850000000000004,0.47900000000000004,0.0,0.001,0.0,0.076,9.929
55596662,1,0,-0.078,-0.058,0.018000000000000002,-0.002,0.0,-0.0204,0.0204,12.620000000000001,0.0008,58824.0,0.039400000000000004,0.0,0.0,58140.0,0.028800000000000003,0.4787,0.47900000000000004,0.0,0.004,0.0,-0.011,9.995000000000001
55601666,1,0,-0.004,0.035,-0.002,-0.002,0.0,-0.0213,0.0213,12.620000000000001,0.0008,58940.0,0.0425,0.0,5004.0,58140.0,0.030100000000000002,0.4787,0.47900000000000004,0.0,0.004,0.0,-0.273,9.995000000000001
55603789,1,0,-0.08,-0.043000000000000003,0.011,-0.002,0.0,-0.0219,0.0219,12.620000000000001,0.0008,59056.0,0.0425,0.0,7127.0,58140.0,0.0309,0.4787,0.47900000000000004,0.0,0.004,0.0,-0.127,9.995000000000001
55608752,1,0,0.004,0.049,-0.001,-0.002,0.0,-0.0218,0.0218,12.620000000000001,0.0008,59056.0,0.0425,0.0,12090.0,58140.0,0.0309,0.47840000000000005,0.47800000000000004,0.0,-0.001,0.0,-0.27,9.995000000000001
55611673,1,0,-0.059000000000000004,-0.06,0.019,-0.002,0.0,-0.0217,0.0217,12.620000000000001,0.0007,58824.0,0.0425,0.0,15011.0,57916.0,0.0307,0.47840000000000005,0.47800000000000004,0.0,-0.001,0.0,0.113,9.995000000000001
55616676,1,0,-0.035,0.032,-0.005,-0.001,0.0,-0.023200000000000002,0.023200000000000002,12.620000000000001,0.0006000000000000001,58940.0,0.0455,0.0,0.0,57916.0,0.0329,0.4786,0.47900000000000004,0.0,0.003,0.0,-0.154,9.902000000000001
55621551,1,0,0.0,-0.004,0.003,-0.001,0.0,-0.022500000000000003,0.022500000000000003,12.620000000000001,0.0007,58940.0,0.0425,0.0,4875.0,58140.0,0.0318,0.4786,0.47900000000000004,0.0,0.003,0.0,0.029,9.902000000000001
55623678,1,0,0.009000000000000001,0.079,-0.017,-0.001,0.0,-0.0229,0.0229,12.63,0.0006000000000000001,59056.0,0.0455,0.0,7002.0,58140.0,0.0324,0.4786,0.47900000000000004,0.0,0.003,0.0,-0.179,9.902000000000001
55628768,1,0,0.015,0.051000000000000004,-0.009000000000000001,-0.001,0.0,-0.0233,0.0233,12.63,0.0006000000000000001,59056.0,0.0455,0.0,12092.0,58140.0,0.033,0.4788,0.47900000000000004,0.0,0.005,0.0,0.105,9.902000000000001
55631679,1,0,-0.042,0.015,-0.004,-0.001,0.0,-0.0244,0.0244,12.63,0.0004,58940.0,0.048600000000000004,0.0,15003.0,58140.0,0.0345,0.4788,0.47900000000000004,0.0,0.005,0.0,-0.064,9.902000000000001
55636679,1,0,0.014,0.088,-0.012,-0.001,0.0,-0.0241,0.0241,12.63,0.00030000000000000003,59288.0,0.0455,0.0,0.0,57916.0,0.0341,0.4788,0.47900000000000004,0.0,0.006,0.0,-0.068,9.948
55641647,1,0,-0.009000000000000001,-0.013000000000000001,0.008,0.0,0.0,-0.0253,0.0253,12.63,0.0002,59288.0,0.048600000000000004,0.0,4968.0,58140.0,0.0358,0.4788,0.47900000000000004,0.0,0.006,0.0,0.044,9.948
55643776,1,0,0.015,0.092,-0.014,0.0,0.0,-0.0253,0.0253,12.63,0.0001,59056.0,0.048600000000000004,0.0,7097.0,58140.0,0.0358,0.4788,0.47900000000000004,0.0,0.006,0.0,-0.169,9.948
55648552,1,0,-0.022,-0.038,0.021,0.0,0.0,-0.0253,0.0253,12.63,0.0,59288.0,0.048600000000000004,0.0,11873.0,58140.0,0.0358,0.47850000000000004,0.47800000000000004,0.0,-0.001,0.0,-0.057,9.948
55652694,1,0,-0.015,0.065,-0.007,0.001,0.0,-0.0268,0.0268,12.65,-0.00030000000000000003,59172.0,0.0517,0.0,16015.0,58140.0,0.038,0.47850000000000004,0.47800000000000004,0.0,-0.001,0.0,-0.162,9.948
55655692,1,0,-0.034,-0.031,0.016,0.0,0.0,-0.027700000000000002,0.027700000000000002,12.65,-0.0002,59172.0,0.054700000000000006,0.0,0.0,58364.0,0.0392,0.4791,0.48000000000000004,0.0,0.009000000000000001,0.0,0.011,9.948
55659742,1,0,-0.011,0.075,-0.008,0.001,0.0,-0.0274,0.0274,12.65,-0.0005,59056.0,0.0517,0.0,4050.0,58140.0,0.0388,0.4791,0.48000000000000004,0.0,0.009000000000000001,0.0,-0.261,9.943
55664552,1,0,-0.022,0.034,0.014,0.001,0.0,-0.028,0.028,12.65,-0.0006000000000000001,59056.0,0.054700000000000006,0.0,8860.0,58364.0,0.0396,0.4791,0.48000000000000004,0.0,0.009000000000000001,0.0,-0.053,9.943
55668796,1,0,-0.027,-0.014,0.006,0.002,0.0,-0.029300000000000003,0.029300000000000003,12.65,-0.0009000000000000001,59056.0,0.0577,0.0,13104.0,58364.0,0.0414,0.4801,0.48200000000000004,0.0,0.028,0.0,-0.151,9.943
55671679,1,0,-0.022,0.032,0.008,0.002,0.0,-0.029,0.029,12.65,-0.001,59172.0,0.054700000000000006,0.0,15987.0,58140.0,0.041,0.4801,0.48200000000000004,0.0,0.028,0.0,0.014,9.943
55676552,1,0,-0.011,-0.008,0.009000000000000001,0.003,0.0,-0.028800000000000003,0.028800000000000003,12.65,-0.0013000000000000002,59288.0,0.054700000000000006,0.0,0.0,58140.0,0.0407,0.4801,0.48000000000000004,0.0,0.022,0.0,-0.009000000000000001,9.943
55680752,1,0,-0.011,0.106,-0.013000000000000001,0.003,0.0,-0.0297,0.0297,12.65,-0.0015,59404.0,0.0577,0.0,4200.0,58364.0,0.042,0.4801,0.48000000000000004,0.0,0.022,0.0,-0.129,9.974
55685552,1,0,0.019,0.026000000000000002,0.003,0.003,0.0,-0.029300000000000003,0.029300000000000003,12.66,-0.0015,59288.0,0.057800000000000004,0.0,9000.0,58140.0,0.0414,0.4793,0.47800000000000004,0.0,0.003,0.0,0.014,9.974
55687680,1,0,0.026000000000000002,0.11800000000000001,-0.018000000000000002,0.003,0.0,-0.028300000000000002,0.028300000000000002,12.66,-0.0017000000000000001,59056.0,0.0548,0.0,11128.0,58364.0,0.04,0.4793,0.47800000000000004,0.0,0.003,0.0,-0.105,9.974
55692563,1,0,0.011,0.019,0.003,0.004,0.0,-0.0307,0.0307,12.66,-0.0018000000000000002,59056.0,0.0609,0.0,16011.0,58140.0,0.043500000000000004,0.4793,0.47800000000000004,0.0,0.003,0.0,-0.031,9.974
55697552,1,0,-0.005,-0.002,0.006,0.004,0.0,-0.0298,0.0298,12.66,-0.002,59288.0,0.057800000000000004,0.0,0.0,58364.0,0.042100000000000005,0.4796,0.48000000000000004,0.0,0.007,0.0,-0.152,9.974
55699768,1,0,0.013000000000000001,0.07100000000000001,-0.001,0.004,0.0,-0.031200000000000002,0.031200000000000002,12.66,-0.002,59172.0,0.0609,0.0,2216.0,58364.0,0.0441,0.4796,0.48000000000000004,0.0,0.007,0.0,0.089,9.932
55703820,1,0,-0.017,0.007,0.004,0.005,0.0,-0.0322,0.0322,12.66,-0.0022,59288.0,0.0609,0.0,6268.0,58364.0,0.0455,0.4796,0.48000000000000004,0.0,0.007,0.0,-0.213,9.932
55708558,1,0,-0.014,0.108,-0.011,0.005,0.0,-0.0329,0.0329,12.66,-0.0023,58940.0,0.0639,0.0,11006.0,58140.0,0.0465,0.4801,0.48100000000000004,0.0,0.016,0.0,-0.08600000000000001,9.932
55713558,1,0,-0.04,-0.005,0.017,0.005,0.0,-0.0324,0.0324,12.68,-0.0026000000000000003,59288.0,0.064,0.0,16006.0,58140.0,0.0458,0.4801,0.48100000000000004,0.0,0.016,0.0,0.179,9.932
55715778,1,0,-0.022,0.106,-0.014,0.006,0.0,-0.0329,0.0328,12.68,-0.0029000000000000002,59172.0,0.064,0.0,0.0,58592.0,0.046400000000000004,0.4807,0.48200000000000004,0.0,0.026000000000000002,0.0,0.064,9.932
55719996,1,0,-0.043000000000000003,-0.023,0.011,0.006,0.0,-0.031400000000000004,0.031400000000000004,12.68,-0.003,59288.0,0.0609,0.0,4218.0,58364.0,0.0444,0.4807,0.48200000000000004,0.0,0.026000000000000002,0.0,0.189,9.932
55724552,1,0,-0.017,0.056,-0.002,0.007,0.0,-0.032,0.032,12.68,-0.0033,59172.0,0.0609,0.0,8774.0,58364.0,0.045200000000000004,0.4807,0.48200000000000004,0.0,0.026000000000000002,0.0,-0.17500000000000002,9.968
55728557,1,0,-0.046,0.009000000000000001,0.008,0.007,0.0,-0.032,0.032,12.68,-0.0033,59404.0,0.0609,0.0,12779.0,58140.0,0.0453,0.4812,0.48200000000000004,0.0,0.03,0.0,0.148,9.968
55732789,1,0,-0.045,-0.047,0.006,0.007,0.0,-0.033,0.0329,12.68,-0.0035,59172.0,0.064,0.0,17011.0,58140.0,0.0466,0.4812,0.48200000000000004,0.0,0.03,0.0,0.002,9.968
55737551,1,0,-0.02,0.064,-0.009000000000000001,0.008,0.0,-0.0323,0.0323,12.68,-0.0036000000000000003,59404.0,0.064,0.0,0.0,58140.0,0.045700000000000005,0.4808,0.48000000000000004,0.0,0.015,0.0,-0.055,9.968
55741553,1,0,-0.068,-0.04,0.012,0.007,0.0,-0.0347,0.0347,12.69,-0.0036000000000000003,59172.0,0.0671,0.0,4002.0,58140.0,0.049,0.4808,0.48000000000000004,0.0,0.015,0.0,0.059000000000000004,9.968
55745792,1,0,-0.028,-0.015,-0.007,0.008,0.0,-0.0333,0.0333,12.69,-0.0038,59288.0,0.064,0.0,8241.0,58364.0,0.0471,0.4798,0.47800000000000004,0.0,-0.007,0.0,-0.151,9.887
55747793,1,0,-0.077,-0.056,0.009000000000000001,0.008,0.0,-0.033100000000000004,0.033100000000000004,12.69,-0.0037,59172.0,0.064,0.0,10242.0,58364.0,0.046900000000000004,0.4798,0.47800000000000004,0.0,-0.007,0.0,0.25,9.887
55751974,1,0,-0.007,0.041,-0.012,0.008,0.0,-0.0335,0.0335,12.69,-0.0039000000000000003,59404.0,0.064,0.0,14423.0,58364.0,0.047400000000000005,0.4798,0.47800000000000004,0.0,-0.007,0.0,0.037,9.887
55756808,1,0,-0.078,0.029,-0.001,0.008,0.0,-0.0342,0.0341,12.69,-0.0039000000000000003,59288.0,0.0671,0.0,0.0,58592.0,0.0483,0.47990000000000005,0.48000000000000004,0.0,-0.004,0.0,0.402,9.887
55761550,1,0,-0.035,-0.041,0.013000000000000001,0.008,0.0,-0.033800000000000004,0.033800000000000004,12.69,-0.0041,59404.0,0.0671,0.0,4742.0,58140.0,0.0478,0.47990000000000005,0.48000000000000004,0.0,-0.004,0.0,-0.07,9.887
55765849,1,0,-0.012,0.036000000000000004,-0.002,0.009000000000000001,0.0,-0.032100000000000004,0.032100000000000004,12.69,-0.0043,59056.0,0.061000000000000006,0.0,9041.0,58140.0,0.0453,0.4806,0.48200000000000004,0.0,0.012,0.0,-0.334,9.957
55768556,1,0,-0.022,-0.039,0.014,0.009000000000000001,0.0,-0.0323,0.0323,12.69,-0.0043,59172.0,0.064,0.0,11748.0,58364.0,0.045700000000000005,0.4806,0.48200000000000004,0.0,0.012,0.0,-0.272,9.957
55772777,1,0,-0.011,0.042,0.001,0.009000000000000001,0.0,-0.0329,0.0329,12.71,-0.0045000000000000005,59404.0,0.0641,0.0,15969.0,58364.0,0.0466,0.4806,0.48200000000000004,0.0,0.012,0.0,-0.199,9.957
55777558,1,0,-0.063,-0.023,0.017,0.009000000000000001,0.0,-0.0325,0.0325,12.71,-0.0045000000000000005,59288.0,0.0641,0.0,0.0,58364.0,0.046,0.48150000000000004,0.48300000000000004,0.0,0.026000000000000002,0.0,0.334,9.957
55779853,1,0,-0.009000000000000001,0.037,-0.007,0.01,0.0,-0.032100000000000004,0.032100000000000004,12.71,-0.0046,59404.0,0.0611,0.0,2295.0,58592.0,0.0454,0.48150000000000004,0.48300000000000004,0.0,0.026000000000000002,0.0,0.18,9.957
55784030,1,0,-0.063,-0.029,0.015,0.009000000000000001,0.0,-0.0323,0.0323,12.71,-0.0045000000000000005,59288.0,0.0641,0.0,6472.0,58364.0,0.045700000000000005,0.48150000000000004,0.48300000000000004,0.0,0.026000000000000002,0.0,0.359,9.957
55788556,1,0,0.006,0.008,-0.005,0.01,0.0,-0.0322,0.0322,12.71,-0.0046,59524.0,0.0611,0.0,10998.0,58364.0,0.0455,0.48200000000000004,0.48300000000000004,0.0,0.032,0.0,-0.08700000000000001,9.968
55792789,1,0,-0.031,0.049,-0.013000000000000001,0.01,0.0,-0.033,0.033,12.71,-0.0047,59404.0,0.0641,0.0,15231.0,58364.0,0.0466,0.48200000000000004,0.48300000000000004,0.0,0.032,0.0,0.08700000000000001,9.968
55797557,1,0,-0.033,-0.053,0.007,0.01,0.0,-0.031,0.031,12.71,-0.0047,59404.0,0.0611,0.0,0.0,58364.0,0.0438,0.4834,0.48600000000000004,0.0,0.053,0.0,-0.061,9.968
55801853,1,0,0.036000000000000004,0.032,-0.009000000000000001,0.01,0.0,-0.0325,0.0325,12.72,-0.0049,59288.0,0.06420000000000001,0.0,4296.0,58592.0,0.046,0.4834,0.48600000000000004,0.0,0.053,0.0,-0.17,9.968
55804557,1,0,-0.015,-0.034,0.005,0.01,0.0,-0.031900000000000005,0.031900000000000005,12.72,-0.0048000000000000004,59172.0,0.0611,0.0,7000.0,58592.0,0.0451,0.4834,0.48600000000000004,0.0,0.053,0.0,0.006,9.968
55808817,1,0,0.046,0.034,-0.011,0.01,0.0,-0.031,0.031,12.72,-0.0049,59640.0,0.0611,0.0,11260.0,58708.0,0.0438,0.48500000000000004,0.48800000000000004,0.0,0.075,0.0,-0.256,10.021
55813854,1,0,-0.02,0.031,0.002,0.01,0.0,-0.029300000000000003,0.029300000000000003,12.72,-0.0048000000000000004,59404.0,0.058100000000000006,0.0,16297.0,58592.0,0.0414,0.48500000000000004,0.48800000000000004,0.0,0.075,0.0,-0.002,10.021
55815982,1,0,0.062,0.036000000000000004,0.0,0.01,0.0,-0.029400000000000003,0.029400000000000003,12.72,-0.0049,59524.0,0.058100000000000006,0.0,0.0,58364.0,0.041600000000000005,0.4854,0.48600000000000004,0.0,0.067,0.0,-0.338,10.021
55820556,1,0,-0.037,-0.003,0.01,0.01,0.0,-0.029300000000000003,0.029300000000000003,12.72,-0.0048000000000000004,59172.0,0.058100000000000006,0.0,4574.0,58708.0,0.0415,0.4854,0.48600000000000004,0.0,0.067,0.0,0.064,10.021
55824841,1,0,0.032,-0.031,0.02,0.01,0.0,-0.0284,0.0284,12.72,-0.0048000000000000004,59172.0,0.055,0.0,8859.0,58140.0,0.0402,0.4849,0.48400000000000004,0.0,0.044,0.0,-0.01,10.021
55829581,1,0,0.04,0.041,-0.003,0.01,0.0,-0.0279,0.0279,12.72,-0.0048000000000000004,59524.0,0.055,0.0,13599.0,58708.0,0.0395,0.4849,0.48400000000000004,0.0,0.044,0.0,0.10300000000000001,10.049
55831819,1,0,0.042,-0.028,0.008,0.01,0.0,-0.0279,0.0279,12.72,-0.0046,59288.0,0.055,0.0,15837.0,58592.0,0.039400000000000004,0.4849,0.48400000000000004,0.0,0.044,0.0,-0.026000000000000002,10.049
55836558,1,0,0.036000000000000004,0.038,-0.002,0.01,0.0,-0.0279,0.027800000000000002,12.74,-0.0046,59404.0,0.0551,0.0,0.0,58364.0,0.039400000000000004,0.4849,0.48500000000000004,0.0,0.036000000000000004,0.0,0.132,10.049
55841557,1,0,-0.02,-0.024,0.01,0.009000000000000001,0.0,-0.0267,0.0267,12.74,-0.0045000000000000005,59524.0,0.052000000000000005,0.0,4999.0,58364.0,0.037700000000000004,0.4849,0.48500000000000004,0.0,0.036000000000000004,0.0,0.319,10.049
55845819,1,0,0.058,-0.029,-0.009000000000000001,0.009000000000000001,0.0,-0.025900000000000003,0.025900000000000003,12.74,-0.0043,59524.0,0.052000000000000005,0.0,9261.0,58592.0,0.0367,0.4849,0.48500000000000004,0.0,0.029,0.0,0.059000000000000004,10.049
55847962,1,0,-0.02,-0.032,-0.003,0.009000000000000001,0.0,-0.0258,0.0258,12.74,-0.0043,59524.0,0.049,0.0,11404.0,58592.0,0.0364,0.4849,0.48500000000000004,0.0,0.029,0.0,0.316,10.049
55852556,1,0,0.088,-0.002,-0.007,0.009000000000000001,0.0,-0.0251,0.0251,12.74,-0.004200000000000001,59524.0,0.049,0.0,15998.0,58592.0,0.0354,0.4849,0.48500000000000004,0.0,0.029,0.0,-0.20800000000000002,9.942
55856572,1,0,-0.01,-0.017,-0.008,0.009000000000000001,0.0,-0.0239,0.0239,12.74,-0.0041,59404.0,0.0459,0.0,0.0,58364.0,0.033800000000000004,0.48460000000000003,0.48400000000000004,0.0,0.017,0.0,0.003,9.942
55861556,1,0,0.033,-0.047,-0.003,0.008,0.0,-0.0234,0.0234,12.74,-0.0039000000000000003,59404.0,0.0459,0.0,4984.0,58708.0,0.033100000000000004,0.48460000000000003,0.48400000000000004,0.0,0.017,0.0,-0.323,9.942
55863847,1,0,0.031,-0.006,-0.008,0.008,0.0,-0.022500000000000003,0.022500000000000003,12.74,-0.0038,59524.0,0.0429,0.0,7275.0,58592.0,0.0318,0.48460000000000003,0.48400000000000004,0.0,0.017,0.0,-0.155,9.942
55868562,1,0,0.033,-0.047,0.002,0.008,0.0,-0.023,0.023,12.76,-0.0036000000000000003,59288.0,0.046,0.0,11990.0,58364.0,0.032600000000000004,0.48410000000000003,0.48300000000000004,0.0,0.002,0.0,-0.325,9.942
55871683,1,0,0.031,-0.016,-0.003,0.007,0.0,-0.022000000000000002,0.022000000000000002,12.76,-0.0035,59404.0,0.0429,0.0,15111.0,58592.0,0.031200000000000002,0.48410000000000003,0.48300000000000004,0.0,0.002,0.0,-0.20600000000000002,9.963000000000001
55876552,1,0,0.0,-0.057,0.014,0.007,0.0,-0.021,0.021,12.76,-0.0032,59524.0,0.0398,0.0,0.0,58592.0,0.0297,0.48400000000000004,0.48400000000000004,0.0,0.001,0.0,-0.165,9.963000000000001
55881816,1,0,0.027,-0.057,0.0,0.006,0.0,-0.021,0.021,12.76,-0.0029000000000000002,59524.0,0.0398,0.0,5264.0,58708.0,0.0297,0.48400000000000004,0.48400000000000004,0.0,0.001,0.0,-0.209,9.963000000000001
55883861,1,0,-0.01,-0.051000000000000004,0.002,0.006,0.0,-0.020900000000000002,0.020900000000000002,12.76,-0.0028,59640.0,0.0398,0.0,7309.0,58708.0,0.029500000000000002,0.48400000000000004,0.48400000000000004,0.0,0.001,0.0,0.17,9.963000000000001
55888550,1,0,0.037,-0.039,0.009000000000000001,0.005,0.0,-0.023100000000000002,0.023100000000000002,12.76,-0.0025,59404.0,0.046,0.0,11998.0,58592.0,0.0327,0.4844,0.48500000000000004,0.0,0.008,0.0,-0.23,9.963000000000001
55892821,1,0,0.055,-0.046,0.004,0.005,0.0,-0.0213,0.0213,12.76,-0.0025,59640.0,0.0429,0.0,16269.0,58592.0,0.030100000000000002,0.4844,0.48500000000000004,0.0,0.008,0.0,0.006,9.965
55897550,1,0,-0.085,-0.066,0.003,0.005,0.0,-0.0204,0.0204,12.77,-0.0023,59524.0,0.039900000000000005,0.0,0.0,58592.0,0.028900000000000002,0.48460000000000003,0.48500000000000004,0.0,0.011,0.0,-0.07100000000000001,9.965
55899825,1,0,0.017,-0.042,-0.005,0.005,0.0,-0.0238,0.0238,12.77,-0.0023,59640.0,0.046,0.0,2275.0,58708.0,0.0337,0.48460000000000003,0.48500000000000004,0.0,0.011,0.0,-0.003,9.965
55903874,1,0,-0.05,-0.069,0.0,0.004,0.0,-0.0175,0.0175,12.77,-0.0021000000000000003,59524.0,0.033800000000000004,0.0,6324.0,58592.0,0.0247,0.48460000000000003,0.48500000000000004,0.0,0.011,0.0,-0.167,9.965
55908549,1,0,0.05,-0.034,-0.004,0.004,0.0,-0.0216,0.0216,12.77,-0.0021000000000000003,59640.0,0.043000000000000003,0.0,10999.0,58592.0,0.030500000000000003,0.4844,0.48400000000000004,0.0,0.004,0.0,0.017,9.965
55912833,1,0,-0.024,-0.052000000000000005,0.003,0.004,0.0,-0.0183,0.0183,12.77,-0.002,59524.0,0.0368,0.0,15283.0,58592.0,0.0258,0.4844,0.48400000000000004,0.0,0.004,0.0,0.195,9.938
55917550,1,0,0.028,-0.014,-0.001,0.004,0.0,-0.021400000000000002,0.021400000000000002,12.77,-0.0018000000000000002,59640.0,0.043000000000000003,0.0,0.0,58592.0,0.0302,0.4839,0.48300000000000004,0.0,-0.006,0.0,-0.321,9.938
55921684,1,0,0.028,-0.026000000000000002,-0.001,0.004,0.0,-0.0204,0.0204,12.77,-0.0017000000000000001,59524.0,0.039900000000000005,0.0,4134.0,58708.0,0.028900000000000002,0.4839,0.48300000000000004,0.0,-0.006,0.0,-0.334,9.938
55923958,1,0,0.041,-0.006,0.0,0.003,0.0,-0.0196,0.0196,12.77,-0.0016,59172.0,0.0368,0.0,6408.0,58592.0,0.027800000000000002,0.4839,0.48300000000000004,0.0,-0.006,0.0,-0.44,9.938
55928550,1,0,0.011,-0.023,0.003,0.003,0.0,-0.0211,0.0211,12.790000000000001,-0.0014,59288.0,0.039900000000000005,0.0,11000.0,58708.0,0.029900000000000003,0.4832,0.48200000000000004,0.0,-0.018000000000000002,0.0,-0.013000000000000001,9.938
55932848,1,0,-0.035,-0.029,0.002,0.002,0.0,-0.0216,0.021500000000000002,12.790000000000001,-0.0012000000000000001,59524.0,0.043000000000000003,0.0,15298.0,59056.0,0.030500000000000003,0.4832,0.48200000000000004,0.0,-0.018000000000000002,0.0,0.202,9.983
55937549,1,0,0.058,0.006,0.006,0.002,0.0,-0.0196,0.0196,12.790000000000001,-0.001,59404.0,0.0369,0.0,0.0,58940.0,0.027700000000000002,0.4818,0.47900000000000004,0.0,-0.044,0.0,0.063,9.983
55941550,1,0,-0.01,-0.033,0.009000000000000001,0.002,0.0,-0.0193,0.0193,12.790000000000001,-0.0009000000000000001,59524.0,0.0369,0.0,4001.0,58592.0,0.0274,0.4818,0.47900000000000004,0.0,-0.044,0.0,0.15,9.983
55945858,1,0,0.018000000000000002,-0.019,0.004,0.002,0.0,-0.0162,0.0162,12.790000000000001,-0.0007,59404.0,0.0307,0.0,8309.0,58708.0,0.023,0.47940000000000005,0.47500000000000003,0.0,-0.083,0.0,-0.028,9.983
55947858,1,0,0.011,-0.05,0.008,0.001,0.0,-0.016,0.016,12.790000000000001,-0.0007,59524.0,0.0307,0.0,10309.0,58708.0,0.0227,0.47940000000000005,0.47500000000000003,0.0,-0.083,0.0,0.124,9.983
55951871,1,0,0.055,-0.008,0.01,0.001,0.0,-0.017,0.017,12.790000000000001,-0.0004,59880.0,0.033800000000000004,0.0,14322.0,58824.0,0.024,0.47940000000000005,0.47500000000000003,0.0,-0.083,0.0,-0.062,9.992
55956548,1,0,0.056,-0.053,0.008,0.001,0.0,-0.0164,0.0164,12.790000000000001,-0.00030000000000000003,59524.0,0.0307,0.0,0.0,58708.0,0.023200000000000002,0.47890000000000005,0.47800000000000004,0.0,-0.076,0.0,0.044,9.992
55960549,1,0,-0.004,-0.021,0.002,0.0,0.0,-0.018000000000000002,0.018000000000000002,12.8,-0.0001,59524.0,0.033800000000000004,0.0,4001.0,58708.0,0.025500000000000002,0.47890000000000005,0.47800000000000004,0.0,-0.076,0.0,-0.138,9.992
55964901,1,0,0.099,-0.013000000000000001,0.002,0.0,0.0,-0.0166,0.0166,12.8,0.0002,59524.0,0.033800000000000004,0.0,8353.0,58592.0,0.0235,0.4782,0.47700000000000004,0.0,-0.074,0.0,-0.181,9.992
55969575,1,0,-0.041,-0.051000000000000004,0.008,0.0,0.0,-0.0193,0.0193,12.8,0.0002,59640.0,0.0369,0.0,13027.0,58940.0,0.027200000000000002,0.4782,0.47700000000000004,0.0,-0.074,0.0,-0.005,9.992
55971683,1,0,0.06,-0.029,-0.005,-0.001,0.0,-0.0198,0.0198,12.8,0.00030000000000000003,59640.0,0.04,0.0,15135.0,58824.0,0.0279,0.4782,0.47700000000000004,0.0,-0.074,0.0,-0.112,9.992
55976032,1,0,-0.046,-0.067,0.0,-0.001,0.0,-0.0161,0.0161,12.8,0.00030000000000000003,59288.0,0.0308,0.0,0.0,58824.0,0.0228,0.47640000000000005,0.47300000000000003,0.0,-0.096,0.0,-0.005,9.925
55980549,1,0,0.059000000000000004,0.018000000000000002,-0.01,-0.001,0.0,-0.0181,0.0181,12.8,0.0005,59524.0,0.0369,0.0,4517.0,58824.0,0.0256,0.47640000000000005,0.47300000000000003,0.0,-0.096,0.0,-0.159,9.925
55984549,1,0,0.0,-0.069,-0.003,-0.001,0.0,-0.0152,0.0152,12.8,0.0005,59760.0,0.0308,0.0,8517.0,58824.0,0.021500000000000002,0.47640000000000005,0.47300000000000003,0.0,-0.096,0.0,0.097,9.925
55988933,1,0,-0.003,-0.02,-0.006,-0.001,0.0,-0.0165,0.0165,12.8,0.0005,59760.0,0.033800000000000004,0.0,12901.0,58824.0,0.0233,0.47590000000000005,0.47500000000000003,0.0,-0.08700000000000001,0.0,-0.163,9.925
55993550,1,0,0.06,-0.002,0.0,-0.002,0.0,-0.0173,0.0173,12.82,0.0007,59880.0,0.0339,0.0,17518.0,58592.0,0.0245,0.47590000000000005,0.47500000000000003,0.0,-0.08700000000000001,0.0,0.068,9.936
55997894,1,0,0.019,-0.062,0.004,-0.002,0.0,-0.0178,0.0178,12.82,0.0008,59404.0,0.0339,0.0,0.0,58940.0,0.0252,0.4763,0.47700000000000004,0.0,-0.062,0.0,0.123,9.936
55999895,1,0,0.062,0.002,0.002,-0.002,0.0,-0.018000000000000002,0.018000000000000002,12.82,0.0009000000000000001,59640.0,0.0339,0.0,2001.0,58708.0,0.025500000000000002,0.4763,0.47700000000000004,0.0,-0.062,0.0,0.0,9.936
56003944,1,0,-0.024,-0.042,0.009000000000000001,-0.002,0.0,-0.0207,0.0207,12.82,0.0007,59524.0,0.04,0.0,6050.0,58824.0,0.0292,0.4763,0.47700000000000004,0.0,-0.062,0.0,-0.08,9.936
56008948,1,0,0.021,0.035,-0.015,-0.002,0.0,-0.0179,0.0179,12.82,0.0009000000000000001,59524.0,0.0339,0.0,11054.0,58940.0,0.0253,0.47690000000000005,0.47800000000000004,0.0,-0.037,0.0,-0.067,9.936
56013549,1,0,0.012,-0.053,0.007,-0.002,0.0,-0.0221,0.0221,12.82,0.001,59760.0,0.0431,0.0,15655.0,58708.0,0.031200000000000002,0.47690000000000005,0.47800000000000004,0.0,-0.037,0.0,0.292,9.946
56017907,1,0,-0.036000000000000004,-0.04,0.005,-0.002,0.0,-0.0196,0.0196,12.82,0.0011,59760.0,0.037000000000000005,0.0,0.0,58708.0,0.027700000000000002,0.4773,0.47800000000000004,0.0,-0.022,0.0,0.014,9.946
56019910,1,0,-0.001,-0.054,0.009000000000000001,-0.003,0.0,-0.0213,0.0213,12.82,0.0013000000000000002,59524.0,0.0431,0.0,2003.0,58940.0,0.0302,0.4773,0.47800000000000004,0.0,-0.022,0.0,0.167,9.946
56024548,1,0,-0.007,0.027,-0.014,-0.003,0.0,-0.0213,0.0213,12.83,0.0013000000000000002,59760.0,0.0432,0.0,6641.0,58592.0,0.0302,0.4773,0.47800000000000004,0.0,-0.022,0.0,-0.128,9.946
56028957,1,0,0.044,0.056,-0.002,-0.003,0.0,-0.0211,0.0211,12.83,0.0014,59640.0,0.040100000000000004,0.0,11050.0,58592.0,0.029900000000000003,0.4768,0.47600000000000003,0.0,-0.027,0.0,-0.095,9.946
56033549,1,0,-0.022,-0.062,0.009000000000000001,-0.003,0.0,-0.021,0.021,12.83,0.0014,59760.0,0.040100000000000004,0.0,15642.0,58708.0,0.0296,0.4768,0.47600000000000003,0.0,-0.027,0.0,0.046,9.981
56037920,1,0,0.011,0.049,-0.013000000000000001,-0.003,0.0,-0.0223,0.0222,12.83,0.0012000000000000001,59640.0,0.0432,0.0,0.0,59056.0,0.0315,0.4758,0.47400000000000003,0.0,-0.041,0.0,-0.168,9.981
56040051,1,0,-0.02,-0.057,0.01,-0.003,0.0,-0.0222,0.0222,12.83,0.0013000000000000002,59640.0,0.0432,0.0,2131.0,58824.0,0.0313,0.4758,0.47400000000000003,0.0,-0.041,0.0,0.027,9.981
56044550,1,0,0.021,0.084,-0.003,-0.003,0.0,-0.022500000000000003,0.022500000000000003,12.83,0.0012000000000000001,59760.0,0.0432,0.0,6630.0,59056.0,0.0318,0.4758,0.47400000000000003,0.0,-0.041,0.0,-0.109,9.981
56048976,1,0,0.001,0.003,0.004,-0.003,0.0,-0.023,0.023,12.83,0.0013000000000000002,59640.0,0.0463,0.0,11056.0,58708.0,0.0325,0.47550000000000003,0.47500000000000003,0.0,-0.039,0.0,0.21,9.981
56053549,1,0,-0.012,0.006,0.006,-0.002,0.0,-0.0233,0.0233,12.85,0.0012000000000000001,59524.0,0.0463,0.0,15629.0,58708.0,0.0329,0.47550000000000003,0.47500000000000003,0.0,-0.039,0.0,0.097,9.895
56057564,1,0,0.006,0.065,0.001,-0.003,0.0,-0.0234,0.0234,12.85,0.0012000000000000001,59760.0,0.0463,0.0,0.0,59172.0,0.033100000000000004,0.47540000000000004,0.47500000000000003,0.0,-0.035,0.0,0.127,9.895
56059936,1,0,-0.011,0.013000000000000001,0.009000000000000001,-0.002,0.0,-0.023700000000000002,0.023700000000000002,12.85,0.001,59524.0,0.0463,0.0,2372.0,58940.0,0.033600000000000005,0.47540000000000004,0.47500000000000003,0.0,-0.035,0.0,-0.08,9.895
56064036,1,0,0.001,0.063,0.0,-0.002,0.0,-0.0234,0.0234,12.85,0.001,59640.0,0.0463,0.0,6472.0,58940.0,0.033100000000000004,0.47540000000000004,0.47500000000000003,0.0,-0.035,0.0,-0.063,9.895
56068991,1,0,-0.007,-0.046,0.018000000000000002,-0.002,0.0,-0.024,0.024,12.85,0.0008,59880.0,0.0463,0.0,11427.0,59288.0,0.034,0.4756,0.47600000000000003,0.0,-0.023,0.0,-0.002,9.895
56074035,1,0,-0.006,0.062,-0.002,-0.001,0.0,-0.0264,0.0264,12.85,0.0004,59640.0,0.052500000000000005,0.0,16471.0,59056.0,0.0374,0.4756,0.47600000000000003,0.0,-0.023,0.0,0.014,9.91
56076548,1,0,0.004,-0.002,0.013000000000000001,-0.001,0.0,-0.025900000000000003,0.025900000000000003,12.85,0.0004,59880.0,0.0494,0.0,0.0,59288.0,0.0366,0.4757,0.47600000000000003,0.0,-0.016,0.0,0.163,9.91
56081548,1,0,-0.03,0.031,-0.002,0.0,0.0,-0.0252,0.0252,12.85,0.0,59288.0,0.0494,0.0,5000.0,58708.0,0.0356,0.4757,0.47600000000000003,0.0,-0.016,0.0,0.107,9.91
56085954,1,0,0.006,0.097,-0.01,0.0,0.0,-0.023200000000000002,0.023200000000000002,12.870000000000001,0.0,59760.0,0.046400000000000004,0.0,9406.0,59172.0,0.0329,0.47550000000000003,0.47500000000000003,0.0,-0.018000000000000002,0.0,-0.17,9.91
56087956,1,0,-0.019,0.026000000000000002,0.0,0.0,0.0,-0.023700000000000002,0.023700000000000002,12.870000000000001,-0.0001,59880.0,0.046400000000000004,0.0,11408.0,58940.0,0.033600000000000005,0.47550000000000003,0.47500000000000003,0.0,-0.018000000000000002,0.0,-0.261,9.91
56091958,1,0,0.011,0.052000000000000005,-0.005,0.0,0.0,-0.0252,0.0252,12.870000000000001,-0.0001,59760.0,0.0495,0.0,15410.0,59056.0,0.0356,0.47550000000000003,0.47500000000000003,0.0,-0.018000000000000002,0.0,-0.037,9.91
56096544,1,0,-0.02,-0.026000000000000002,0.003,0.001,0.0,-0.0264,0.0264,12.870000000000001,-0.00030000000000000003,59640.0,0.0526,0.0,0.0,59288.0,0.0374,0.47500000000000003,0.47400000000000003,0.0,-0.024,0.0,-0.146,9.963000000000001
56100548,1,0,0.0,0.094,-0.007,0.001,0.0,-0.026600000000000002,0.026600000000000002,12.870000000000001,-0.0004,59880.0,0.0526,0.0,4004.0,59172.0,0.0376,0.47500000000000003,0.47400000000000003,0.0,-0.024,0.0,-0.106,9.963000000000001
56105140,1,0,-0.019,-0.021,0.007,0.001,0.0,-0.0268,0.0268,12.870000000000001,-0.0004,59880.0,0.0526,0.0,8596.0,58940.0,0.0379,0.4753,0.47600000000000003,0.0,-0.012,0.0,0.09,9.963000000000001
56109572,1,0,-0.004,0.025,-0.007,0.001,0.0,-0.025500000000000002,0.025500000000000002,12.870000000000001,-0.0006000000000000001,59880.0,0.0495,0.0,13028.0,58824.0,0.0361,0.4753,0.47600000000000003,0.0,-0.012,0.0,-0.22,9.963000000000001
56111972,1,0,-0.032,-0.019,0.008,0.001,0.0,-0.0273,0.0273,12.870000000000001,-0.0006000000000000001,59880.0,0.0526,0.0,15428.0,59056.0,0.0386,0.4753,0.47600000000000003,0.0,-0.012,0.0,0.068,9.963000000000001
56116548,1,0,-0.007,0.022,-0.009000000000000001,0.002,0.0,-0.027200000000000002,0.027200000000000002,12.88,-0.001,60000.0,0.0526,0.0,0.0,58940.0,0.038400000000000004,0.47590000000000005,0.47700000000000004,0.0,0.002,0.0,-0.24,9.907
56121678,1,0,-0.022,0.069,-0.003,0.002,0.0,-0.026500000000000003,0.026500000000000003,12.88,-0.0011,59880.0,0.0526,0.0,5130.0,59056.0,0.0375,0.47590000000000005,0.47700000000000004,0.0,0.002,0.0,-0.02,9.907
56124070,1,0,-0.016,-0.036000000000000004,0.011,0.002,0.0,-0.0275,0.0275,12.88,-0.0011,59640.0,0.0557,0.0,7522.0,59172.0,0.038900000000000004,0.47590000000000005,0.47700000000000004,0.0,0.002,0.0,-0.015,9.907
56128547,1,0,-0.041,0.055,-0.005,0.002,0.0,-0.0275,0.0275,12.88,-0.0012000000000000001,59880.0,0.0557,0.0,11999.0,59288.0,0.038900000000000004,0.47590000000000005,0.47600000000000003,0.0,0.002,0.0,0.026000000000000002,9.907
56132547,1,0,-0.029,-0.069,0.007,0.003,0.0,-0.026500000000000003,0.026500000000000003,12.88,-0.0012000000000000001,59880.0,0.0526,0.0,15999.0,59056.0,0.0375,0.47590000000000005,0.47600000000000003,0.0,0.002,0.0,0.069,9.907
56136553,1,0,-0.033,0.046,-0.005,0.003,0.0,-0.026600000000000002,0.026600000000000002,12.88,-0.0014,60000.0,0.0526,0.0,0.0,59172.0,0.037700000000000004,0.4753,0.47400000000000003,0.0,-0.012,0.0,-0.068,9.836
56141548,1,0,-0.036000000000000004,0.014,-0.001,0.003,0.0,-0.0275,0.0275,12.88,-0.0014,60000.0,0.0557,0.0,4995.0,58940.0,0.038900000000000004,0.4753,0.47400000000000003,0.0,-0.012,0.0,0.058,9.836
56145994,1,0,-0.036000000000000004,-0.063,0.008,0.003,0.0,-0.027700000000000002,0.027700000000000002,12.88,-0.0015,59880.0,0.0557,0.0,9441.0,58940.0,0.0392,0.47550000000000003,0.47600000000000003,0.0,-0.004,0.0,0.027,9.836
56147998,1,0,-0.038,0.018000000000000002,0.0,0.003,0.0,-0.0281,0.0281,12.9,-0.0015,60000.0,0.0558,0.0,11445.0,59056.0,0.0397,0.47550000000000003,0.47600000000000003,0.0,-0.004,0.0,0.16,9.836
56152546,1,0,-0.015,-0.045,0.001,0.003,0.0,-0.0279,0.0279,12.9,-0.0015,60000.0,0.0558,0.0,15993.0,59172.0,0.0395,0.47550000000000003,0.47600000000000003,0.0,-0.004,0.0,-0.13,9.836
56156547,1,0,-0.012,0.061,-0.011,0.003,0.0,-0.0284,0.0284,12.9,-0.0016,59640.0,0.0558,0.0,0.0,58940.0,0.0402,0.47640000000000005,0.47800000000000004,0.0,0.014,0.0,-0.177,9.93
56161547,1,0,-0.055,-0.017,0.009000000000000001,0.003,0.0,-0.0291,0.0291,12.9,-0.0016,60000.0,0.0589,0.0,5000.0,59172.0,0.041100000000000005,0.47640000000000005,0.47800000000000004,0.0,0.014,0.0,0.082,9.93
56166010,1,0,0.005,-0.032,0.009000000000000001,0.004,0.0,-0.0287,0.0287,12.9,-0.0017000000000000001,60120.0,0.0558,0.0,9463.0,59172.0,0.040600000000000004,0.47700000000000004,0.47800000000000004,0.0,0.022,0.0,-0.113,9.93
56168553,1,0,-0.021,-0.049,0.012,0.003,0.0,-0.028,0.028,12.9,-0.0016,60000.0,0.0558,0.0,12006.0,59288.0,0.0395,0.47700000000000004,0.47800000000000004,0.0,0.022,0.0,0.054,9.93
56173016,1,0,-0.003,-0.023,0.014,0.004,0.0,-0.0303,0.0303,12.9,-0.0018000000000000002,60000.0,0.0589,0.0,16469.0,59172.0,0.042800000000000005,0.47700000000000004,0.47800000000000004,0.0,0.022,0.0,-0.212,9.93
56177018,1,0,-0.015,0.062,-0.004,0.004,0.0,-0.028200000000000003,0.028200000000000003,12.9,-0.002,60000.0,0.0558,0.0,0.0,59172.0,0.0398,0.4773,0.47800000000000004,0.0,0.025,0.0,-0.03,9.936
56181548,1,0,-0.008,-0.044,0.008,0.004,0.0,-0.027600000000000003,0.027600000000000003,12.91,-0.002,59880.0,0.0558,0.0,4530.0,59172.0,0.039,0.4773,0.47800000000000004,0.0,0.025,0.0,-0.05,9.936
56184104,1,0,-0.017,0.062,-0.003,0.004,0.0,-0.0285,0.0285,12.91,-0.0021000000000000003,60000.0,0.0558,0.0,7086.0,59056.0,0.0403,0.4773,0.47800000000000004,0.0,0.025,0.0,-0.073,9.936
56188547,1,0,-0.015,-0.04,0.023,0.004,0.0,-0.029400000000000003,0.029400000000000003,12.91,-0.0021000000000000003,59640.0,0.0589,0.0,11529.0,58940.0,0.041600000000000005,0.4772,0.47700000000000004,0.0,0.018000000000000002,0.0,-0.048,9.936
56193037,1,0,0.03,0.018000000000000002,-0.012,0.005,0.0,-0.027800000000000002,0.027800000000000002,12.91,-0.0023,59880.0,0.0558,0.0,16019.0,59056.0,0.0393,0.4772,0.47700000000000004,0.0,0.018000000000000002,0.0,-0.312,9.936
56198031,1,0,-0.009000000000000001,0.068,-0.002,0.005,0.0,-0.028800000000000003,0.028800000000000003,12.91,-0.0024000000000000002,60000.0,0.055900000000000005,0.0,0.0,59288.0,0.0407,0.4768,0.47600000000000003,0.0,0.006,0.0,-0.099,9.994
56200550,1,0,0.019,0.063,-0.002,0.005,0.0,-0.0286,0.0286,12.91,-0.0024000000000000002,60000.0,0.055900000000000005,0.0,2519.0,59172.0,0.0405,0.4768,0.47600000000000003,0.0,0.006,0.0,-0.251,9.994
56205060,1,0,-0.004,0.064,-0.012,0.005,0.0,-0.0275,0.0275,12.91,-0.0025,60000.0,0.0528,0.0,7029.0,59288.0,0.0388,0.47690000000000005,0.47700000000000004,0.0,0.006,0.0,0.037,9.994
56209546,1,0,-0.007,-0.034,0.002,0.005,0.0,-0.028200000000000003,0.028200000000000003,12.91,-0.0024000000000000002,60000.0,0.055900000000000005,0.0,11515.0,59056.0,0.039900000000000005,0.47690000000000005,0.47700000000000004,0.0,0.006,0.0,0.044,9.994
56214155,1,0,0.045,0.023,-0.003,0.005,0.0,-0.027100000000000003,0.027100000000000003,12.93,-0.0025,60240.0,0.0528,0.0,16124.0,59172.0,0.038400000000000004,0.4773,0.47800000000000004,0.0,0.013000000000000001,0.0,-0.272,9.994
56216548,1,0,0.003,-0.041,0.005,0.005,0.0,-0.0262,0.0262,12.93,-0.0024000000000000002,59880.0,0.0528,0.0,0.0,58824.0,0.0371,0.4773,0.47800000000000004,0.0,0.013000000000000001,0.0,-0.047,9.994
56221678,1,0,0.043000000000000003,0.014,-0.005,0.005,0.0,-0.0261,0.0261,12.93,-0.0024000000000000002,60240.0,0.0528,0.0,5130.0,58940.0,0.0369,0.4773,0.47800000000000004,0.0,0.013000000000000001,0.0,-0.325,9.896
56224178,1,0,-0.021,-0.025,0.015,0.005,0.0,-0.0261,0.0261,12.93,-0.0023,60000.0,0.0528,0.0,7630.0,59056.0,0.037000000000000005,0.4773,0.47800000000000004,0.0,0.013000000000000001,0.0,0.062,9.896
56229101,1,0,0.036000000000000004,-0.026000000000000002,0.006,0.005,0.0,-0.0252,0.0252,12.93,-0.0023,60120.0,0.0497,0.0,12553.0,59172.0,0.0357,0.47750000000000004,0.47800000000000004,0.0,0.016,0.0,0.003,9.896
56234150,1,0,0.047,0.028,-0.01,0.005,0.0,-0.024300000000000002,0.024300000000000002,12.93,-0.0023,60000.0,0.0466,0.0,17602.0,59172.0,0.0344,0.4777,0.47800000000000004,0.0,0.016,0.0,0.049,9.896
56236546,1,0,0.046,-0.032,0.01,0.005,0.0,-0.024,0.024,12.93,-0.0022,60120.0,0.0466,0.0,0.0,59404.0,0.0339,0.4777,0.47800000000000004,0.0,0.016,0.0,-0.014,9.896
56240546,1,0,0.031,0.029,0.0,0.004,0.0,-0.0235,0.0235,12.93,-0.0021000000000000003,59880.0,0.0466,0.0,4000.0,59172.0,0.0333,0.4777,0.47800000000000004,0.0,0.016,0.0,-0.077,9.91
56245065,1,0,-0.02,-0.031,0.002,0.004,0.0,-0.024,0.024,12.950000000000001,-0.0018000000000000002,60120.0,0.046700000000000005,0.0,8519.0,59288.0,0.034,0.4788,0.48100000000000004,0.0,0.036000000000000004,0.0,0.091,9.91
56249116,1,0,0.081,-0.007,0.0,0.004,0.0,-0.023,0.023,12.950000000000001,-0.0017000000000000001,60120.0,0.046700000000000005,0.0,12570.0,59404.0,0.0325,0.4788,0.48100000000000004,0.0,0.036000000000000004,0.0,-0.188,9.91
56253549,1,0,-0.016,-0.009000000000000001,0.003,0.003,0.0,-0.022500000000000003,0.022500000000000003,12.950000000000001,-0.0016,60240.0,0.0436,0.0,17003.0,59524.0,0.0318,0.4788,0.48100000000000004,0.0,0.036000000000000004,0.0,0.323,9.91
56256072,1,0,0.081,-0.005,-0.009000000000000001,0.003,0.0,-0.023,0.023,12.950000000000001,-0.0015,60000.0,0.046700000000000005,0.0,0.0,59288.0,0.0325,0.4803,0.48300000000000004,0.0,0.058,0.0,0.008,9.91
56260090,1,0,-0.021,-0.018000000000000002,-0.004,0.003,0.0,-0.0217,0.0217,12.950000000000001,-0.0013000000000000002,60000.0,0.0436,0.0,4018.0,59172.0,0.0308,0.4803,0.48300000000000004,0.0,0.058,0.0,0.361,9.898
56264553,1,0,0.079,-0.014,-0.001,0.003,0.0,-0.021500000000000002,0.021500000000000002,12.950000000000001,-0.0012000000000000001,60120.0,0.0436,0.0,8481.0,59172.0,0.0304,0.4803,0.48300000000000004,0.0,0.058,0.0,-0.215,9.898
56269129,1,0,0.06,-0.005,-0.019,0.002,0.0,-0.0204,0.0204,12.950000000000001,-0.0011,59880.0,0.040400000000000005,0.0,13057.0,59288.0,0.028800000000000003,0.48050000000000004,0.48100000000000004,0.0,0.051000000000000004,0.0,-0.353,9.898
56271679,1,0,0.054,-0.049,-0.01,0.002,0.0,-0.0204,0.0204,12.950000000000001,-0.0009000000000000001,60240.0,0.040400000000000005,0.0,15607.0,59056.0,0.028900000000000002,0.48050000000000004,0.48100000000000004,0.0,0.051000000000000004,0.0,-0.486,9.898
56276546,1,0,0.053,-0.015,0.002,0.002,0.0,-0.0201,0.0201,12.96,-0.0008,60120.0,0.0405,0.0,0.0,59172.0,0.0284,0.48000000000000004,0.47900000000000004,0.0,0.03,0.0,-0.311,9.898
56280547,1,0,-0.016,-0.059000000000000004,0.003,0.001,0.0,-0.0196,0.0196,12.96,-0.0006000000000000001,60360.0,0.0374,0.0,4001.0,59288.0,0.027700000000000002,0.48000000000000004,0.47900000000000004,0.0,0.03,0.0,-0.011,9.903
56285094,1,0,0.028,-0.051000000000000004,0.001,0.001,0.0,-0.020800000000000003,0.020800000000000003,12.96,-0.0004,60120.0,0.0405,0.0,8548.0,59172.0,0.029400000000000003,0.4797,0.47900000000000004,0.0,0.017,0.0,-0.209,9.903
56289141,1,0,0.017,-0.037,-0.001,0.001,0.0,-0.0198,0.0198,12.96,-0.0004,60240.0,0.0405,0.0,12595.0,59172.0,0.028,0.4797,0.47900000000000004,0.0,0.017,0.0,0.164,9.903
56293548,1,0,-0.074,-0.07,0.007,0.001,0.0,-0.0222,0.0222,12.96,-0.00030000000000000003,60240.0,0.0436,0.0,17002.0,59524.0,0.031400000000000004,0.4797,0.47900000000000004,0.0,0.017,0.0,-0.058,9.903
56298105,1,0,0.065,-0.044,-0.004,0.0,0.0,-0.0196,0.0196,12.96,-0.0002,60120.0,0.0374,0.0,0.0,58940.0,0.027700000000000002,0.4791,0.47800000000000004,0.0,0.002,0.0,-0.037,9.928
56300105,1,0,-0.055,-0.067,0.009000000000000001,0.0,0.0,-0.018600000000000002,0.018600000000000002,12.96,-0.0001,60120.0,0.0374,0.0,2000.0,59288.0,0.0263,0.4791,0.47800000000000004,0.0,0.002,0.0,0.085,9.928
56304208,1,0,-0.011,-0.036000000000000004,0.0,0.0,0.0,-0.0253,0.0253,12.96,-0.0002,60120.0,0.049800000000000004,0.0,6103.0,59172.0,0.0358,0.4783,0.47700000000000004,0.0,-0.013000000000000001,0.0,0.156,9.928
56309157,1,0,-0.07,-0.07,0.001,0.0,0.0,-0.017,0.017,12.98,-0.0001,60120.0,0.034300000000000004,0.0,11052.0,59404.0,0.024,0.4783,0.47700000000000004,0.0,-0.013000000000000001,0.0,0.129,9.928
56314206,1,0,-0.028,-0.051000000000000004,0.002,0.0,0.0,-0.021,0.021,12.98,0.0,60240.0,0.0405,0.0,16101.0,59404.0,0.0297,0.4772,0.47500000000000003,0.0,-0.034,0.0,-0.153,9.928
56316546,1,0,-0.05,-0.051000000000000004,-0.001,0.0,0.0,-0.020300000000000002,0.020200000000000003,12.98,0.0,60120.0,0.0405,0.0,0.0,59404.0,0.0286,0.4772,0.47500000000000003,0.0,-0.034,0.0,0.08700000000000001,9.928
56321684,1,0,-0.018000000000000002,-0.023,-0.001,0.0,0.0,-0.022000000000000002,0.022000000000000002,12.98,0.0001,60120.0,0.0437,0.0,5138.0,58824.0,0.031100000000000003,0.4772,0.47500000000000003,0.0,-0.034,0.0,-0.076,9.918000000000001
56324204,1,0,-0.007,-0.026000000000000002,0.009000000000000001,0.0,0.0,-0.0218,0.0218,12.98,0.0002,60120.0,0.0437,0.0,7658.0,59288.0,0.0309,0.4761,0.47400000000000003,0.0,-0.049,0.0,-0.077,9.918000000000001
56328986,1,0,-0.007,-0.009000000000000001,0.009000000000000001,0.0,0.0,-0.020900000000000002,0.020900000000000002,12.98,0.0002,60240.0,0.0405,0.0,12440.0,59404.0,0.0296,0.4761,0.47400000000000003,0.0,-0.049,0.0,-0.323,9.918000000000001
56333128,1,0,0.044,0.016,-0.011,-0.001,0.0,-0.021400000000000002,0.021400000000000002,12.98,0.00030000000000000003,60360.0,0.0437,0.0,16582.0,59172.0,0.0303,0.4761,0.47400000000000003,0.0,-0.049,0.0,-0.34900000000000003,9.918000000000001
56337548,1,0,-0.034,-0.008,0.002,0.0,0.0,-0.0222,0.0222,12.98,0.0002,60120.0,0.0437,0.0,0.0,59288.0,0.031400000000000004,0.47600000000000003,0.47600000000000003,0.0,-0.04,0.0,-0.095,9.918000000000001
56340129,1,0,0.054,0.019,0.0,-0.001,0.0,-0.0205,0.0205,12.98,0.00030000000000000003,60120.0,0.0405,0.0,2581.0,59404.0,0.0291,0.47600000000000003,0.47600000000000003,0.0,-0.04,0.0,-0.164,9.922
56344242,1,0,-0.015,-0.007,-0.006,-0.001,0.0,-0.0196,0.0196,12.99,0.00030000000000000003,60120.0,0.0375,0.0,6694.0,59056.0,0.027700000000000002,0.47640000000000005,0.47700000000000004,0.0,-0.025,0.0,0.082,9.922
56349182,1,0,0.017,0.018000000000000002,0.004,-0.001,0.0,-0.019,0.019,12.99,0.0004,60240.0,0.0375,0.0,11634.0,59524.0,0.0269,0.47640000000000005,0.47700000000000004,0.0,-0.025,0.0,0.026000000000000002,9.922
56353546,1,0,0.077,0.013000000000000001,0.006,-0.001,0.0,-0.0188,0.0188,12.99,0.0005,60240.0,0.0375,0.0,15998.0,59404.0,0.026600000000000002,0.47640000000000005,0.47700000000000004,0.0,-0.025,0.0,0.101,9.922
56356143,1,0,0.025,0.018000000000000002,0.0,-0.001,0.0,-0.018600000000000002,0.018600000000000002,12.99,0.0005,60360.0,0.0375,0.0,0.0,59288.0,0.0263,0.47590000000000005,0.47500000000000003,0.0,-0.03,0.0,-0.012,9.922
56360554,1,0,0.042,-0.015,0.002,-0.001,0.0,-0.0188,0.0188,12.99,0.0006000000000000001,60240.0,0.0375,0.0,4411.0,59172.0,0.026600000000000002,0.47590000000000005,0.47500000000000003,0.0,-0.03,0.0,0.11,9.907
56365146,1,0,0.006,-0.025,0.012,-0.002,0.0,-0.0189,0.0188,12.99,0.0008,60120.0,0.0375,0.0,9003.0,59288.0,0.0267,0.47450000000000003,0.47200000000000003,0.0,-0.051000000000000004,0.0,0.081,9.907
56369198,1,0,0.069,0.038,-0.003,-0.002,0.0,-0.0188,0.0188,12.99,0.0009000000000000001,60608.0,0.0375,0.0,13055.0,59760.0,0.026600000000000002,0.47450000000000003,0.47200000000000003,0.0,-0.051000000000000004,0.0,-0.228,9.907
56371679,1,0,0.0,-0.013000000000000001,0.006,-0.002,0.0,-0.018500000000000003,0.018500000000000003,12.99,0.0009000000000000001,60240.0,0.0375,0.0,15536.0,59172.0,0.0262,0.47450000000000003,0.47200000000000003,0.0,-0.051000000000000004,0.0,-0.049,9.907
56376545,1,0,0.06,0.039,0.007,-0.002,0.0,-0.0188,0.0188,13.01,0.0011,60240.0,0.0375,0.0,0.0,59288.0,0.026500000000000003,0.47400000000000003,0.47300000000000003,0.0,-0.052000000000000005,0.0,-0.234,9.907
56380545,1,0,0.01,-0.027,0.015,-0.002,0.0,-0.0204,0.0204,13.01,0.001,60240.0,0.040600000000000004,0.0,4000.0,59404.0,0.028900000000000002,0.47400000000000003,0.47300000000000003,0.0,-0.052000000000000005,0.0,-0.044,9.862
56385162,1,0,-0.009000000000000001,-0.005,-0.007,-0.002,0.0,-0.0193,0.0193,13.01,0.0009000000000000001,60360.0,0.0375,0.0,8617.0,59172.0,0.027200000000000002,0.4736,0.47300000000000003,0.0,-0.048,0.0,-0.192,9.862
56389213,1,0,0.057,0.044,-0.005,-0.002,0.0,-0.0196,0.0196,13.01,0.0009000000000000001,60120.0,0.0375,0.0,12668.0,59288.0,0.027700000000000002,0.4736,0.47300000000000003,0.0,-0.048,0.0,-0.186,9.862
56393545,1,0,-0.007,-0.036000000000000004,0.011,-0.002,0.0,-0.019200000000000002,0.019200000000000002,13.01,0.0007,60360.0,0.0375,0.0,17000.0,59172.0,0.027200000000000002,0.4736,0.47300000000000003,0.0,-0.048,0.0,-0.10200000000000001,9.862
56398172,1,0,0.002,0.046,-0.019,-0.001,0.0,-0.020800000000000003,0.020800000000000003,13.01,0.0006000000000000001,60360.0,0.040600000000000004,0.0,0.0,59640.0,0.029400000000000003,0.4741,0.47500000000000003,0.0,-0.029,0.0,-0.2,9.862
56400176,1,0,-0.009000000000000001,-0.033,-0.002,-0.001,0.0,-0.0207,0.0207,13.01,0.0006000000000000001,60240.0,0.040600000000000004,0.0,2004.0,58940.0,0.029300000000000003,0.4741,0.47500000000000003,0.0,-0.029,0.0,-0.047,9.845
56404267,1,0,0.013000000000000001,0.057,-0.011,-0.001,0.0,-0.020900000000000002,0.020900000000000002,13.01,0.0006000000000000001,60484.0,0.040600000000000004,0.0,6095.0,59640.0,0.0296,0.4751,0.47700000000000004,0.0,-0.003,0.0,-0.147,9.845
56409225,1,0,0.022,-0.009000000000000001,-0.01,-0.001,0.0,-0.0229,0.0229,13.030000000000001,0.0006000000000000001,60360.0,0.047,0.0,11053.0,59288.0,0.0324,0.4751,0.47700000000000004,0.0,-0.003,0.0,0.077,9.845
56413546,1,0,-0.04,-0.006,-0.008,-0.001,0.0,-0.0217,0.0217,13.030000000000001,0.0004,60360.0,0.0438,0.0,15374.0,58940.0,0.0307,0.4751,0.47700000000000004,0.0,-0.003,0.0,-0.062,9.845
56416185,1,0,0.005,-0.007,0.003,-0.001,0.0,-0.0239,0.0239,13.030000000000001,0.0004,60484.0,0.047,0.0,0.0,59288.0,0.0339,0.4761,0.47800000000000004,0.0,0.018000000000000002,0.0,-0.074,9.845
56420187,1,0,-0.052000000000000005,-0.012,-0.008,0.0,0.0,-0.0238,0.023700000000000002,13.030000000000001,0.0001,60484.0,0.047,0.0,4002.0,59288.0,0.033600000000000005,0.4761,0.47800000000000004,0.0,0.018000000000000002,0.0,-0.234,9.829
56424553,1,0,-0.011,-0.009000000000000001,-0.005,0.0,0.0,-0.0245,0.0244,13.030000000000001,0.0002,60484.0,0.050100000000000006,0.0,8368.0,59288.0,0.0346,0.4761,0.47800000000000004,0.0,0.018000000000000002,0.0,-0.019,9.829
56429237,1,0,-0.052000000000000005,-0.048,0.017,0.0,0.0,-0.025400000000000002,0.025400000000000002,13.030000000000001,0.0001,60360.0,0.050100000000000006,0.0,13052.0,59404.0,0.0359,0.4768,0.47800000000000004,0.0,0.027,0.0,0.163,9.829
56434266,1,0,-0.056,-0.008,-0.005,0.0,0.0,-0.0267,0.0267,13.030000000000001,-0.0001,60360.0,0.053200000000000004,0.0,18081.0,59404.0,0.037700000000000004,0.47690000000000005,0.47700000000000004,0.0,0.023,0.0,-0.126,9.829
56436545,1,0,-0.057,-0.053,0.002,0.0,0.0,-0.0258,0.0258,13.040000000000001,-0.0001,60484.0,0.050100000000000006,0.0,0.0,59056.0,0.0364,0.47690000000000005,0.47700000000000004,0.0,0.023,0.0,0.039,9.829
56441548,1,0,-0.041,0.0,0.015,0.001,0.0,-0.0261,0.0261,13.040000000000001,-0.0004,60484.0,0.0533,0.0,5003.0,59404.0,0.0369,0.47690000000000005,0.47700000000000004,0.0,0.023,0.0,-0.156,9.855
56444274,1,0,-0.041,0.002,0.005,0.001,0.0,-0.0263,0.0263,13.040000000000001,-0.0004,60360.0,0.0533,0.0,7729.0,59524.0,0.0371,0.4766,0.47600000000000003,0.0,0.013000000000000001,0.0,0.028,9.855
56449249,1,0,-0.049,-0.041,0.007,0.001,0.0,-0.0273,0.0273,13.040000000000001,-0.0007,60360.0,0.0533,0.0,12704.0,59288.0,0.0385,0.4766,0.47600000000000003,0.0,0.013000000000000001,0.0,0.01,9.855
56453547,1,0,-0.033,0.085,0.0,0.002,0.0,-0.0274,0.0274,13.040000000000001,-0.0008,60240.0,0.0533,0.0,17002.0,59640.0,0.0388,0.4766,0.47600000000000003,0.0,0.013000000000000001,0.0,-0.052000000000000005,9.855
56458213,1,0,-0.042,0.009000000000000001,0.001,0.002,0.0,-0.0287,0.0287,13.040000000000001,-0.0009000000000000001,60728.0,0.056400000000000006,0.0,0.0,59288.0,0.040600000000000004,0.4767,0.47700000000000004,0.0,0.013000000000000001,0.0,0.076,9.855
56460217,1,0,-0.035,0.088,-0.016,0.002,0.0,-0.028200000000000003,0.028200000000000003,13.040000000000001,-0.0011,60484.0,0.056400000000000006,0.0,2004.0,59640.0,0.039900000000000005,0.4767,0.47700000000000004,0.0,0.013000000000000001,0.0,-0.035,9.952
56464289,1,0,-0.046,-0.031,0.015,0.003,0.0,-0.0285,0.0285,13.040000000000001,-0.0013000000000000002,60484.0,0.056400000000000006,0.0,6076.0,59524.0,0.0403,0.4772,0.47800000000000004,0.0,0.019,0.0,0.136,9.952
56469271,1,0,-0.051000000000000004,0.007,0.003,0.003,0.0,-0.029,0.028900000000000002,13.040000000000001,-0.0017000000000000001,60360.0,0.056400000000000006,0.0,11058.0,59288.0,0.0409,0.4772,0.47800000000000004,0.0,0.019,0.0,-0.001,9.952
56471678,1,0,-0.044,-0.033,0.008,0.003,0.0,-0.028800000000000003,0.028800000000000003,13.06,-0.0016,60484.0,0.0565,0.0,13465.0,59760.0,0.0407,0.4772,0.47800000000000004,0.0,0.019,0.0,0.156,9.952
56476545,1,0,-0.058,0.027,0.007,0.004,0.0,-0.0316,0.0315,13.06,-0.002,60484.0,0.06280000000000001,0.0,0.0,59404.0,0.0446,0.4768,0.47600000000000003,0.0,0.007,0.0,0.04,9.952
56481225,1,0,-0.039,0.113,-0.008,0.004,0.0,-0.0302,0.0302,13.06,-0.0021000000000000003,60484.0,0.0596,0.0,4680.0,59404.0,0.0427,0.4768,0.47600000000000003,0.0,0.007,0.0,0.023,9.851
56485230,1,0,-0.039,-0.012,0.007,0.005,0.0,-0.031100000000000003,0.031,13.06,-0.0023,60608.0,0.0627,0.0,8685.0,59640.0,0.0439,0.4758,0.47400000000000003,0.0,-0.013000000000000001,0.0,0.106,9.851
56489369,1,0,-0.034,0.091,0.004,0.006,0.0,-0.031100000000000003,0.031100000000000003,13.06,-0.0027,60360.0,0.0627,0.0,12824.0,59404.0,0.0439,0.4758,0.47400000000000003,0.0,-0.013000000000000001,0.0,-0.096,9.851
56493547,1,0,-0.034,0.048,0.014,0.006,0.0,-0.0327,0.0327,13.06,-0.0028,60360.0,0.0659,0.0,17002.0,59524.0,0.0463,0.4758,0.47400000000000003,0.0,-0.013000000000000001,0.0,0.124,9.851
56498240,1,0,-0.033,-0.01,0.012,0.006,0.0,-0.031900000000000005,0.031900000000000005,13.06,-0.0031000000000000003,60484.0,0.0627,0.0,0.0,59288.0,0.0451,0.4766,0.47800000000000004,0.0,0.005,0.0,-0.062,9.851
56500243,1,0,-0.033,0.044,0.008,0.007,0.0,-0.0324,0.0323,13.07,-0.0031000000000000003,60484.0,0.066,0.0,2003.0,59288.0,0.045700000000000005,0.4766,0.47800000000000004,0.0,0.005,0.0,0.10400000000000001,9.812
56505244,1,0,-0.036000000000000004,-0.017,0.017,0.007,0.0,-0.0329,0.0328,13.07,-0.0035,60360.0,0.066,0.0,7004.0,59172.0,0.0465,0.4781,0.48100000000000004,0.0,0.035,0.0,-0.127,9.812
56509293,1,0,-0.022,0.093,-0.014,0.008,0.0,-0.0322,0.032100000000000004,13.07,-0.0038,60608.0,0.06280000000000001,0.0,11053.0,59288.0,0.0455,0.4781,0.48100000000000004,0.0,0.035,0.0,-0.158,9.812
56513548,1,0,-0.038,-0.013000000000000001,0.009000000000000001,0.008,0.0,-0.0328,0.0328,13.07,-0.0039000000000000003,60608.0,0.066,0.0,15308.0,59640.0,0.046400000000000004,0.4781,0.48100000000000004,0.0,0.035,0.0,0.057,9.812
56516252,1,0,-0.036000000000000004,0.08700000000000001,-0.005,0.009000000000000001,0.0,-0.034300000000000004,0.0342,13.07,-0.004200000000000001,60484.0,0.06910000000000001,0.0,0.0,59524.0,0.048400000000000006,0.47950000000000004,0.48200000000000004,0.0,0.055,0.0,-0.23,9.812
56520553,1,0,-0.029,-0.021,0.003,0.009000000000000001,0.0,-0.0345,0.0345,13.07,-0.0043,60608.0,0.06910000000000001,0.0,4301.0,59172.0,0.0488,0.47950000000000004,0.48200000000000004,0.0,0.055,0.0,-0.195,9.844
56525257,1,0,-0.034,0.027,-0.002,0.01,0.0,-0.036500000000000005,0.036500000000000005,13.07,-0.0048000000000000004,60728.0,0.0722,0.0,9005.0,59640.0,0.0516,0.4807,0.48300000000000004,0.0,0.069,0.0,-0.038,9.844
56529312,1,0,-0.06,0.097,-0.005,0.011,0.0,-0.037700000000000004,0.037700000000000004,13.07,-0.005200000000000001,60484.0,0.07540000000000001,0.0,13060.0,59524.0,0.0533,0.4807,0.48300000000000004,0.0,0.069,0.0,0.23,9.844
56533549,1,0,-0.024,-0.012,0.002,0.011,0.0,-0.0334,0.0334,13.09,-0.0054,60852.0,0.066,0.0,17297.0,59404.0,0.0472,0.4807,0.48300000000000004,0.0,0.069,0.0,0.105,9.844
56536263,1,0,-0.049,0.083,-0.012,0.012,0.0,-0.033600000000000005,0.0335,13.09,-0.0057,60608.0,0.066,0.0,0.0,59880.0,0.047400000000000005,0.4812,0.48200000000000004,0.0,0.064,0.0,0.049,9.844
56540270,1,0,-0.041,-0.005,0.007,0.012,0.0,-0.0368,0.0368,13.09,-0.0058000000000000005,60608.0,0.0723,0.0,4007.0,59640.0,0.0521,0.4812,0.48200000000000004,0.0,0.064,0.0,-0.091,9.833
56544343,1,0,-0.008,0.09,-0.006,0.013000000000000001,0.0,-0.0358,0.0358,13.09,-0.0061,60608.0,0.0723,0.0,8080.0,59524.0,0.0506,0.4808,0.48000000000000004,0.0,0.043000000000000003,0.0,-0.228,9.833
56549325,1,0,-0.05,0.07200000000000001,-0.01,0.013000000000000001,0.0,-0.0367,0.0367,13.09,-0.006200000000000001,60608.0,0.0723,0.0,13062.0,59524.0,0.051800000000000006,0.4808,0.48000000000000004,0.0,0.043000000000000003,0.0,-0.138,9.833
56553553,1,0,0.011,0.054,-0.003,0.013000000000000001,0.0,-0.0376,0.0376,13.09,-0.006500000000000001,60608.0,0.0755,0.0,17290.0,59524.0,0.053200000000000004,0.4808,0.48000000000000004,0.0,0.043000000000000003,0.0,-0.526,9.833
56556313,1,0,-0.048,0.07,0.0,0.014,0.0,-0.037000000000000005,0.037000000000000005,13.09,-0.0066,60852.0,0.0755,0.0,0.0,59640.0,0.0523,0.4812,0.48200000000000004,0.0,0.043000000000000003,0.0,-0.134,9.833
56560547,1,0,-0.004,0.005,-0.003,0.014,0.0,-0.037200000000000004,0.037200000000000004,13.09,-0.0067,60852.0,0.0755,0.0,4234.0,59524.0,0.0526,0.4812,0.48200000000000004,0.0,0.043000000000000003,0.0,-0.381,9.905
56565547,1,0,0.021,0.08,-0.01,0.014,0.0,-0.037200000000000004,0.037200000000000004,13.09,-0.007,60608.0,0.0755,0.0,9234.0,59404.0,0.052700000000000004,0.4818,0.48300000000000004,0.0,0.047,0.0,-0.359,9.905
56570289,1,0,-0.055,0.065,-0.004,0.015,0.0,-0.0376,0.0376,13.11,-0.0071,60852.0,0.0756,0.0,13976.0,59524.0,0.0531,0.4818,0.48300000000000004,0.0,0.047,0.0,0.054,9.905
56572457,1,0,0.014,0.077,-0.012,0.015,0.0,-0.038200000000000005,0.038200000000000005,13.11,-0.0073,60728.0,0.0756,0.0,16144.0,59524.0,0.054,0.4818,0.48300000000000004,0.0,0.047,0.0,-0.302,9.905
56576548,1,0,-0.061,0.018000000000000002,0.003,0.015,0.0,-0.036500000000000005,0.036500000000000005,13.11,-0.0074,60728.0,0.0724,0.0,0.0,59524.0,0.0516,0.48150000000000004,0.48100000000000004,0.0,0.032,0.0,0.029,9.905
56581511,1,0,0.002,0.001,0.005,0.016,0.0,-0.0368,0.0368,13.11,-0.0077,60608.0,0.0724,0.0,4963.0,59640.0,0.052000000000000005,0.48150000000000004,0.48100000000000004,0.0,0.032,0.0,-0.156,9.815
56584404,1,0,-0.05,0.048,0.001,0.016,0.0,-0.036000000000000004,0.0359,13.11,-0.0078000000000000005,60852.0,0.0724,0.0,7856.0,59640.0,0.050800000000000005,0.4803,0.47800000000000004,0.0,0.001,0.0,0.117,9.815
56588546,1,0,-0.012,0.002,0.009000000000000001,0.016,0.0,-0.0375,0.0375,13.11,-0.0079,60852.0,0.0756,0.0,11998.0,59760.0,0.053000000000000005,0.4803,0.47800000000000004,0.0,0.001,0.0,-0.097,9.815
56593315,1,0,0.009000000000000001,0.045,-0.002,0.017,0.0,-0.0357,0.0356,13.11,-0.0081,60608.0,0.0724,0.0,16767.0,59524.0,0.0504,0.4803,0.47800000000000004,0.0,0.001,0.0,-0.211,9.815
56597547,1,0,-0.066,0.0,0.014,0.017,0.0,-0.0361,0.036000000000000004,13.11,-0.0082,60608.0,0.0724,0.0,0.0,59524.0,0.051000000000000004,0.4798,0.47900000000000004,0.0,-0.008,0.0,-0.036000000000000004,9.815
56602310,1,0,-0.019,-0.02,0.002,0.017,0.0,-0.034800000000000005,0.0347,13.120000000000001,-0.0083,60728.0,0.0694,0.0,4763.0,59524.0,0.049100000000000005,0.4798,0.47900000000000004,0.0,-0.008,0.0,-0.213,9.783
56604383,1,0,-0.065,-0.002,0.008,0.017,0.0,-0.035300000000000005,0.0352,13.120000000000001,-0.008400000000000001,60852.0,0.0694,0.0,6836.0,59524.0,0.049800000000000004,0.47950000000000004,0.47900000000000004,0.0,-0.013000000000000001,0.0,0.105,9.783
56608547,1,0,0.022,0.002,0.001,0.017,0.0,-0.0347,0.0347,13.120000000000001,-0.008400000000000001,60608.0,0.0694,0.0,11000.0,59760.0,0.049100000000000005,0.47950000000000004,0.47900000000000004,0.0,-0.013000000000000001,0.0,-0.203,9.783
56613317,1,0,0.01,0.029,0.0,0.018000000000000002,0.0,-0.0347,0.0347,13.120000000000001,-0.0085,60728.0,0.0694,0.0,15770.0,59404.0,0.049,0.47950000000000004,0.47900000000000004,0.0,-0.013000000000000001,0.0,-0.088,9.783
56617559,1,0,-0.006,-0.027,0.001,0.017,0.0,-0.033100000000000004,0.033100000000000004,13.120000000000001,-0.008400000000000001,60728.0,0.06620000000000001,0.0,0.0,59404.0,0.0468,0.4797,0.48000000000000004,0.0,-0.007,0.0,-0.2,9.783
56620324,1,0,0.013000000000000001,0.019,0.0,0.018000000000000002,0.0,-0.0334,0.0334,13.120000000000001,-0.0085,60852.0,0.06620000000000001,0.0,2765.0,59404.0,0.0472,0.4797,0.48000000000000004,0.0,-0.007,0.0,-0.14300000000000002,9.783
56624430,1,0,-0.048,-0.03,0.003,0.018000000000000002,0.0,-0.032600000000000004,0.0325,13.120000000000001,-0.008400000000000001,60852.0,0.06620000000000001,0.0,6871.0,59524.0,0.046,0.4798,0.48000000000000004,0.0,-0.003,0.0,-0.024,9.872
56628548,1,0,0.054,0.005,-0.003,0.018000000000000002,0.0,-0.0323,0.0323,13.120000000000001,-0.008400000000000001,60852.0,0.06620000000000001,0.0,10989.0,59760.0,0.045700000000000005,0.4798,0.48000000000000004,0.0,-0.003,0.0,-0.1,9.872
56633367,1,0,-0.03,-0.006,0.003,0.018000000000000002,0.0,-0.0318,0.0318,13.14,-0.008400000000000001,60852.0,0.0631,0.0,15808.0,59640.0,0.0449,0.4798,0.48000000000000004,0.0,-0.003,0.0,0.191,9.872
56637370,1,0,0.006,-0.033,0.007,0.017,0.0,-0.030600000000000002,0.030600000000000002,13.14,-0.0083,60728.0,0.0616,0.0,0.0,59524.0,0.043300000000000005,0.4802,0.48100000000000004,0.0,0.006,0.0,-0.11900000000000001,9.872
56641510,1,0,0.034,-0.006,-0.004,0.017,0.0,-0.029400000000000003,0.029400000000000003,13.14,-0.0083,60728.0,0.060000000000000005,0.0,4140.0,59760.0,0.041600000000000005,0.4802,0.48100000000000004,0.0,0.006,0.0,-0.045,9.872
56645546,1,0,-0.026000000000000002,-0.04,0.012,0.017,0.0,-0.0292,0.0292,13.14,-0.0082,60728.0,0.060000000000000005,0.0,8176.0,59880.0,0.0413,0.48050000000000004,0.48100000000000004,0.0,0.01,0.0,0.024,9.928
56649553,1,0,0.042,-0.011,-0.002,0.017,0.0,-0.028900000000000002,0.028900000000000002,13.14,-0.0082,60976.0,0.0568,0.0,12183.0,59760.0,0.0408,0.48050000000000004,0.48100000000000004,0.0,0.01,0.0,0.034,9.928
56651791,1,0,0.007,-0.037,-0.002,0.017,0.0,-0.029,0.028900000000000002,13.14,-0.0081,60852.0,0.0568,0.0,14421.0,59760.0,0.0409,0.48050000000000004,0.48100000000000004,0.0,0.01,0.0,0.009000000000000001,9.928
56656547,1,0,0.06,-0.017,-0.004,0.017,0.0,-0.0287,0.0287,13.14,-0.0079,60728.0,0.0568,0.0,0.0,59524.0,0.0405,0.4803,0.48000000000000004,0.0,0.004,0.0,-0.045,9.928
56661545,1,0,0.011,-0.036000000000000004,0.001,0.016,0.0,-0.026600000000000002,0.026600000000000002,13.14,-0.0078000000000000005,60976.0,0.053700000000000005,0.0,4998.0,59288.0,0.0376,0.4803,0.48000000000000004,0.0,0.004,0.0,0.168,9.928
56664461,1,0,0.041,-0.034,-0.005,0.016,0.0,-0.0267,0.026600000000000002,13.14,-0.0076,60608.0,0.053700000000000005,0.0,7914.0,59760.0,0.037700000000000004,0.47950000000000004,0.47800000000000004,0.0,-0.013000000000000001,0.0,-0.069,9.887
56669437,1,0,0.047,-0.024,0.0,0.015,0.0,-0.027100000000000003,0.027100000000000003,13.14,-0.0074,60976.0,0.053700000000000005,0.0,12890.0,59640.0,0.0383,0.47950000000000004,0.47800000000000004,0.0,-0.013000000000000001,0.0,0.12,9.887
56671678,1,0,0.05,-0.02,-0.006,0.015,0.0,-0.0264,0.0264,13.14,-0.0074,60852.0,0.053700000000000005,0.0,15131.0,59640.0,0.0373,0.47950000000000004,0.47800000000000004,0.0,-0.013000000000000001,0.0,-0.017,9.887
56676510,1,0,0.056,-0.029,-0.008,0.015,0.0,-0.024900000000000002,0.024900000000000002,13.16,-0.0071,60728.0,0.0506,0.0,0.0,59524.0,0.035300000000000005,0.48000000000000004,0.48100000000000004,0.0,0.0,0.0,0.063,9.887
56680510,1,0,-0.015,-0.058,-0.001,0.015,0.0,-0.0247,0.0247,13.16,-0.007,60728.0,0.0506,0.0,4000.0,59880.0,0.0349,0.48000000000000004,0.48100000000000004,0.0,0.0,0.0,-0.01,9.887
56684552,1,0,0.076,-0.017,0.002,0.014,0.0,-0.0239,0.0239,13.16,-0.0067,60728.0,0.047400000000000005,0.0,8042.0,59524.0,0.0337,0.4818,0.48500000000000004,0.0,0.035,0.0,-0.046,9.893
56689411,1,0,0.042,-0.065,0.0,0.013000000000000001,0.0,-0.022600000000000002,0.022600000000000002,13.16,-0.006500000000000001,60976.0,0.0443,0.0,12901.0,60000.0,0.032,0.4818,0.48500000000000004,0.0,0.035,0.0,0.195,9.893
56693510,1,0,-0.019,-0.031,-0.003,0.013000000000000001,0.0,-0.025500000000000002,0.025500000000000002,13.16,-0.0063,60728.0,0.0506,0.0,17000.0,59640.0,0.0361,0.4818,0.48500000000000004,0.0,0.035,0.0,-0.024,9.893
56698374,1,0,0.05,-0.018000000000000002,-0.001,0.013000000000000001,0.0,-0.0239,0.0238,13.16,-0.0061,60728.0,0.047400000000000005,0.0,0.0,59640.0,0.0337,0.48360000000000003,0.48700000000000004,0.0,0.065,0.0,-0.105,9.893
56700413,1,0,-0.052000000000000005,-0.033,0.0,0.013000000000000001,0.0,-0.025,0.025,13.16,-0.006200000000000001,60852.0,0.0506,0.0,2039.0,60000.0,0.0354,0.48360000000000003,0.48700000000000004,0.0,0.065,0.0,-0.162,9.893
56705418,1,0,0.07,-0.018000000000000002,-0.006,0.012,0.0,-0.0221,0.0221,13.16,-0.0059,60852.0,0.0443,0.0,7044.0,59404.0,0.0313,0.4837,0.48400000000000004,0.0,0.054,0.0,-0.048,9.862
56710382,1,0,-0.006,-0.07200000000000001,0.006,0.012,0.0,-0.0262,0.0261,13.16,-0.0059,60976.0,0.0538,0.0,12008.0,59640.0,0.037000000000000005,0.4837,0.48400000000000004,0.0,0.054,0.0,0.125,9.862
56712419,1,0,0.045,-0.014,-0.007,0.012,0.0,-0.0246,0.0246,13.16,-0.0058000000000000005,61100.0,0.0506,0.0,14045.0,59760.0,0.034800000000000005,0.4837,0.48400000000000004,0.0,0.054,0.0,-0.006,9.862
56717436,1,0,0.015,-0.07,0.008,0.012,0.0,-0.021400000000000002,0.021400000000000002,13.18,-0.0057,60728.0,0.0444,0.0,0.0,60000.0,0.0303,0.4828,0.48100000000000004,0.0,0.024,0.0,0.156,9.862
56721678,1,0,-0.001,-0.004,0.001,0.012,0.0,-0.0238,0.0238,13.18,-0.0056,60728.0,0.0475,0.0,4242.0,59760.0,0.033600000000000005,0.4828,0.48100000000000004,0.0,0.024,0.0,-0.192,9.862
56724503,1,0,0.025,-0.055,0.005,0.011,0.0,-0.0229,0.0229,13.18,-0.0055000000000000005,60852.0,0.0475,0.0,7067.0,59640.0,0.0324,0.48250000000000004,0.48200000000000004,0.0,0.014,0.0,0.001,9.878
56728534,1,0,0.021,0.006,-0.007,0.012,0.0,-0.0224,0.0224,13.18,-0.0055000000000000005,60852.0,0.0444,0.0,11098.0,59880.0,0.0317,0.48250000000000004,0.48200000000000004,0.0,0.014,0.0,-0.276,9.878
56733545,1,0,0.048,0.032,-0.009000000000000001,0.011,0.0,-0.023,0.023,13.18,-0.0054,60852.0,0.0475,0.0,16109.0,59404.0,0.0325,0.48250000000000004,0.48200000000000004,0.0,0.014,0.0,-0.065,9.878
56736444,1,0,0.027,-0.028,-0.009000000000000001,0.011,0.0,-0.022600000000000002,0.022600000000000002,13.18,-0.0054,60976.0,0.0444,0.0,0.0,59880.0,0.031900000000000005,0.4827,0.48300000000000004,0.0,0.015,0.0,-0.14,9.878
56740510,1,0,0.046,0.043000000000000003,-0.001,0.011,0.0,-0.0227,0.0227,13.18,-0.005200000000000001,61100.0,0.0444,0.0,4066.0,59640.0,0.032100000000000004,0.4827,0.48300000000000004,0.0,0.015,0.0,-0.025,9.878
56745592,1,0,0.038,-0.045,-0.002,0.01,0.0,-0.0223,0.0223,13.18,-0.005,60976.0,0.0444,0.0,9148.0,59524.0,0.0316,0.4838,0.48600000000000004,0.0,0.035,0.0,-0.081,9.894
56748445,1,0,0.045,0.05,-0.011,0.01,0.0,-0.021500000000000002,0.021500000000000002,13.18,-0.0049,61224.0,0.0444,0.0,12001.0,59760.0,0.0304,0.4838,0.48600000000000004,0.0,0.035,0.0,-0.167,9.894
56752545,1,0,0.055,-0.035,0.004,0.01,0.0,-0.020800000000000003,0.020800000000000003,13.18,-0.0046,60852.0,0.0412,0.0,16101.0,59760.0,0.029400000000000003,0.4838,0.48600000000000004,0.0,0.035,0.0,0.138,9.894
56757457,1,0,0.052000000000000005,-0.034,0.009000000000000001,0.009000000000000001,0.0,-0.0201,0.0201,13.200000000000001,-0.0044,60852.0,0.0412,0.0,0.0,59640.0,0.0285,0.4853,0.48800000000000004,0.0,0.057,0.0,0.012,9.894
56761510,1,0,0.061,0.034,-0.003,0.009000000000000001,0.0,-0.0196,0.0196,13.200000000000001,-0.0041,61100.0,0.0381,0.0,4053.0,59880.0,0.027700000000000002,0.4853,0.48800000000000004,0.0,0.057,0.0,-0.007,9.894
56766463,1,0,0.066,-0.045,0.021,0.008,0.0,-0.0194,0.0194,13.200000000000001,-0.0038,60852.0,0.0381,0.0,9006.0,60000.0,0.0274,0.4862,0.48800000000000004,0.0,0.065,0.0,0.035,9.886000000000001
56768534,1,0,0.062,0.032,0.007,0.008,0.0,-0.0193,0.0193,13.200000000000001,-0.0037,60976.0,0.0381,0.0,11077.0,59760.0,0.0273,0.4862,0.48800000000000004,0.0,0.065,0.0,-0.13,9.886000000000001
56771678,1,0,0.046,-0.068,0.017,0.007,0.0,-0.0188,0.0188,13.200000000000001,-0.0036000000000000003,60976.0,0.0381,0.0,14221.0,59760.0,0.026600000000000002,0.4862,0.48800000000000004,0.0,0.065,0.0,-0.125,9.886000000000001
56777553,1,0,0.039,0.027,0.004,0.007,0.0,-0.019700000000000002,0.019700000000000002,13.200000000000001,-0.0034000000000000002,60852.0,0.0413,0.0,0.0,59760.0,0.0279,0.4869,0.48800000000000004,0.0,0.064,0.0,-0.28800000000000003,9.886000000000001
56780466,1,0,0.045,-0.045,0.019,0.007,0.0,-0.0204,0.020300000000000002,13.200000000000001,-0.0031000000000000003,60976.0,0.0413,0.0,2913.0,59524.0,0.028800000000000003,0.4869,0.48800000000000004,0.0,0.064,0.0,-0.115,9.886000000000001
56784546,1,0,0.034,-0.028,-0.001,0.007,0.0,-0.0184,0.0184,13.200000000000001,-0.0032,60852.0,0.0381,0.0,6993.0,59760.0,0.026000000000000002,0.4862,0.48500000000000004,0.0,0.038,0.0,-0.26,9.886000000000001
56789526,1,0,0.038,0.043000000000000003,-0.008,0.006,0.0,-0.0188,0.0188,13.200000000000001,-0.0031000000000000003,60976.0,0.0381,0.0,11973.0,59760.0,0.026500000000000003,0.4862,0.48500000000000004,0.0,0.038,0.0,-0.20500000000000002,9.834
56792479,1,0,0.024,-0.088,0.004,0.006,0.0,-0.018500000000000003,0.018500000000000003,13.200000000000001,-0.003,60728.0,0.0381,0.0,14926.0,59640.0,0.0261,0.4862,0.48500000000000004,0.0,0.038,0.0,-0.167,9.834
56797481,1,0,0.029,0.022,-0.02,0.006,0.0,-0.0196,0.0196,13.22,-0.003,60852.0,0.0381,0.0,0.0,59760.0,0.027700000000000002,0.4847,0.48200000000000004,0.0,0.001,0.0,-0.26,9.834
56802501,1,0,0.006,0.003,-0.012,0.006,0.0,-0.018500000000000003,0.018500000000000003,13.22,-0.0027,60852.0,0.0381,0.0,5020.0,59524.0,0.0262,0.4847,0.48200000000000004,0.0,0.001,0.0,-0.039,9.834
56804560,1,0,0.008,0.014,-0.013000000000000001,0.006,0.0,-0.0205,0.0205,13.22,-0.0028,60852.0,0.0413,0.0,7079.0,59880.0,0.029,0.4834,0.48100000000000004,0.0,-0.025,0.0,-0.189,9.834
56809556,1,0,-0.012,-0.033,-0.001,0.005,0.0,-0.022500000000000003,0.022500000000000003,13.22,-0.0026000000000000003,60976.0,0.044500000000000005,0.0,12075.0,59404.0,0.0318,0.4834,0.48100000000000004,0.0,-0.025,0.0,0.037,9.848
56812494,1,0,0.014,-0.049,-0.007,0.005,0.0,-0.020300000000000002,0.020300000000000002,13.22,-0.0026000000000000003,60976.0,0.0413,0.0,15013.0,59880.0,0.0287,0.4834,0.48100000000000004,0.0,-0.025,0.0,-0.108,9.848
56817497,1,0,-0.007,0.04,-0.005,0.005,0.0,-0.0223,0.0223,13.22,-0.0026000000000000003,60852.0,0.044500000000000005,0.0,0.0,59880.0,0.0315,0.4822,0.48000000000000004,0.0,-0.044,0.0,-0.108,9.848
56821681,1,0,-0.006,-0.08700000000000001,0.003,0.005,0.0,-0.020900000000000002,0.020900000000000002,13.22,-0.0025,60976.0,0.0413,0.0,4184.0,60000.0,0.0296,0.4822,0.48000000000000004,0.0,-0.044,0.0,0.116,9.848
56824573,1,0,-0.002,0.028,-0.008,0.005,0.0,-0.020800000000000003,0.020800000000000003,13.22,-0.0025,60976.0,0.0413,0.0,7076.0,59880.0,0.029400000000000003,0.48210000000000003,0.48200000000000004,0.0,-0.037,0.0,-0.079,9.848
56829552,1,0,-0.03,-0.017,0.013000000000000001,0.004,0.0,-0.0238,0.0238,13.23,-0.0021000000000000003,61100.0,0.0477,0.0,12055.0,59880.0,0.0337,0.48210000000000003,0.48200000000000004,0.0,-0.037,0.0,0.137,9.91
56832507,1,0,-0.01,0.0,0.005,0.004,0.0,-0.0245,0.0245,13.23,-0.0022,61100.0,0.050800000000000005,0.0,15010.0,60000.0,0.0347,0.48210000000000003,0.48200000000000004,0.0,-0.037,0.0,-0.134,9.91
56837506,1,0,-0.026000000000000002,0.045,-0.007,0.004,0.0,-0.0244,0.0244,13.23,-0.002,60852.0,0.050800000000000005,0.0,0.0,59880.0,0.0345,0.4824,0.48300000000000004,0.0,-0.024,0.0,-0.098,9.91
56842666,1,0,-0.045,-0.055,0.011,0.004,0.0,-0.0239,0.0239,13.25,-0.002,60976.0,0.0477,0.0,5160.0,59880.0,0.033800000000000004,0.4824,0.48300000000000004,0.0,-0.024,0.0,0.057,9.91
56845516,1,0,-0.013000000000000001,0.047,-0.014,0.005,0.0,-0.0246,0.0246,13.25,-0.0022,60852.0,0.0509,0.0,8010.0,59640.0,0.034800000000000005,0.4823,0.48200000000000004,0.0,-0.022,0.0,-0.189,9.91
56849562,1,0,-0.041,-0.044,-0.005,0.004,0.0,-0.0239,0.0239,13.24,-0.0021000000000000003,60976.0,0.0477,0.0,12056.0,59880.0,0.0339,0.4823,0.48200000000000004,0.0,-0.022,0.0,0.167,9.789
56852522,1,0,-0.018000000000000002,0.049,-0.013000000000000001,0.005,0.0,-0.0253,0.0253,13.24,-0.0023,60976.0,0.0509,0.0,15016.0,60000.0,0.0357,0.4823,0.48200000000000004,0.0,-0.022,0.0,-0.108,9.789
56857524,1,0,-0.051000000000000004,0.029,-0.011,0.005,0.0,-0.0262,0.0262,13.24,-0.0022,60976.0,0.0541,0.0,0.0,59880.0,0.037000000000000005,0.4818,0.48100000000000004,0.0,-0.027,0.0,0.034,9.789
56862528,1,0,-0.039,-0.044,0.007,0.005,0.0,-0.0269,0.0269,13.24,-0.0024000000000000002,60852.0,0.0541,0.0,5004.0,59760.0,0.0381,0.4818,0.48100000000000004,0.0,-0.027,0.0,0.075,9.789
56864601,1,0,-0.05,0.039,-0.002,0.005,0.0,-0.0267,0.0267,13.24,-0.0025,60852.0,0.0541,0.0,7077.0,59640.0,0.037700000000000004,0.48190000000000005,0.48200000000000004,0.0,-0.02,0.0,0.177,9.789
56869583,1,0,-0.033,-0.036000000000000004,0.01,0.006,0.0,-0.026500000000000003,0.026500000000000003,13.24,-0.0027,61100.0,0.0541,0.0,12059.0,60000.0,0.0375,0.48190000000000005,0.48200000000000004,0.0,-0.02,0.0,0.152,9.826
56871680,1,0,-0.039,0.054,-0.003,0.006,0.0,-0.027100000000000003,0.027100000000000003,13.24,-0.0029000000000000002,60976.0,0.0541,0.0,14156.0,59760.0,0.0383,0.48190000000000005,0.48200000000000004,0.0,-0.02,0.0,0.211,9.826
56876538,1,0,-0.042,-0.026000000000000002,0.015,0.006,0.0,-0.0284,0.0284,13.24,-0.003,61224.0,0.057300000000000004,0.0,0.0,60000.0,0.0402,0.4823,0.48300000000000004,0.0,-0.008,0.0,0.325,9.826
56880541,1,0,-0.011,0.069,0.005,0.007,0.0,-0.029500000000000002,0.029500000000000002,13.27,-0.0033,60976.0,0.0606,0.0,4003.0,59880.0,0.041800000000000004,0.4823,0.48300000000000004,0.0,-0.008,0.0,-0.081,9.826
56884613,1,0,-0.052000000000000005,0.027,0.013000000000000001,0.007,0.0,-0.029400000000000003,0.029400000000000003,13.27,-0.0034000000000000002,60976.0,0.0606,0.0,8075.0,59760.0,0.041600000000000005,0.48250000000000004,0.48300000000000004,0.0,-0.002,0.0,0.169,9.826
56889589,1,0,-0.02,0.001,0.016,0.008,0.0,-0.0308,0.0307,13.26,-0.0037,61224.0,0.0637,0.0,13051.0,59760.0,0.043500000000000004,0.48250000000000004,0.48300000000000004,0.0,-0.002,0.0,-0.16,9.817
56892549,1,0,-0.02,0.084,0.011,0.008,0.0,-0.029300000000000003,0.0292,13.26,-0.0039000000000000003,61224.0,0.0606,0.0,16011.0,59880.0,0.0414,0.48250000000000004,0.48300000000000004,0.0,-0.002,0.0,0.084,9.817
56897551,1,0,-0.03,0.014,0.013000000000000001,0.009000000000000001,0.0,-0.030000000000000002,0.030000000000000002,13.26,-0.0041,60976.0,0.0606,0.0,0.0,59640.0,0.0424,0.4823,0.48200000000000004,0.0,-0.005,0.0,0.22,9.817
56899600,1,0,0.005,0.08700000000000001,-0.001,0.009000000000000001,0.0,-0.029300000000000003,0.029300000000000003,13.26,-0.004200000000000001,61224.0,0.0606,0.0,2049.0,60000.0,0.0414,0.4823,0.48200000000000004,0.0,-0.005,0.0,0.222,9.817
56904628,1,0,-0.036000000000000004,0.031,0.015,0.009000000000000001,0.0,-0.0315,0.0315,13.26,-0.0043,60976.0,0.0637,0.0,7077.0,60000.0,0.044500000000000005,0.48260000000000003,0.48300000000000004,0.0,0.0,0.0,0.14400000000000002,9.817
56909606,1,0,0.053,0.049,0.003,0.009000000000000001,0.0,-0.031,0.031,13.26,-0.0045000000000000005,61100.0,0.0637,0.0,12055.0,59880.0,0.0438,0.48260000000000003,0.48300000000000004,0.0,0.0,0.0,-0.326,9.819
56912563,1,0,-0.022,0.069,0.004,0.01,0.0,-0.0309,0.0309,13.26,-0.0046,61100.0,0.0637,0.0,15012.0,60000.0,0.0437,0.48260000000000003,0.48300000000000004,0.0,0.0,0.0,0.055,9.819
56917566,1,0,0.002,0.027,-0.001,0.01,0.0,-0.032,0.032,13.26,-0.0047,60852.0,0.0637,0.0,0.0,59640.0,0.0453,0.48310000000000003,0.48400000000000004,0.0,0.01,0.0,-0.033,9.819
56919616,1,0,-0.034,0.068,-0.004,0.01,0.0,-0.0325,0.0325,13.290000000000001,-0.0048000000000000004,61100.0,0.067,0.0,2050.0,60000.0,0.046,0.48310000000000003,0.48400000000000004,0.0,0.01,0.0,0.158,9.819
56924647,1,0,-0.009000000000000001,0.016,-0.002,0.01,0.0,-0.0324,0.0324,13.290000000000001,-0.005,61100.0,0.067,0.0,7081.0,59880.0,0.0459,0.4837,0.48500000000000004,0.0,0.022,0.0,-0.003,9.819
56929622,1,0,0.029,0.051000000000000004,-0.011,0.011,0.0,-0.0335,0.0334,13.280000000000001,-0.0053,60976.0,0.067,0.0,12056.0,59880.0,0.0473,0.4837,0.48500000000000004,0.0,0.022,0.0,-0.184,9.745000000000001
56932575,1,0,-0.042,0.022,-0.009000000000000001,0.011,0.0,-0.033,0.033,13.280000000000001,-0.0055000000000000005,61100.0,0.067,0.0,15009.0,59880.0,0.0466,0.4837,0.48500000000000004,0.0,0.022,0.0,0.039,9.745000000000001
56937555,1,0,0.022,0.029,-0.001,0.012,0.0,-0.0324,0.0323,13.280000000000001,-0.0057,61100.0,0.067,0.0,0.0,59640.0,0.045700000000000005,0.4842,0.48500000000000004,0.0,0.026000000000000002,0.0,-0.291,9.745000000000001
56942583,1,0,0.009000000000000001,0.027,-0.001,0.012,0.0,-0.0328,0.0327,13.280000000000001,-0.0059,61224.0,0.067,0.0,5028.0,59880.0,0.0463,0.4842,0.48500000000000004,0.0,0.026000000000000002,0.0,-0.28600000000000003,9.745000000000001
56944658,1,0,-0.01,0.005,0.005,0.012,0.0,-0.0334,0.0334,13.280000000000001,-0.006,61224.0,0.067,0.0,7103.0,59880.0,0.0472,0.4834,0.48200000000000004,0.0,0.006,0.0,-0.28600000000000003,9.745000000000001
56949635,1,0,-0.008,0.029,0.005,0.013000000000000001,0.0,-0.0357,0.0357,13.280000000000001,-0.006200000000000001,61224.0,0.0734,0.0,12080.0,60000.0,0.0504,0.4834,0.48200000000000004,0.0,0.006,0.0,-0.278,9.809000000000001
56952588,1,0,-0.062,0.005,0.005,0.013000000000000001,0.0,-0.0357,0.0357,13.280000000000001,-0.0064,61348.0,0.0734,0.0,15033.0,59880.0,0.0505,0.4834,0.48200000000000004,0.0,0.006,0.0,-0.081,9.809000000000001
56957589,1,0,-0.006,0.02,-0.001,0.014,0.0,-0.0344,0.0344,13.3,-0.006500000000000001,61100.0,0.0703,0.0,0.0,60000.0,0.048600000000000004,0.48190000000000005,0.47900000000000004,0.0,-0.026000000000000002,0.0,-0.2,9.809000000000001
56959642,1,0,-0.073,0.012,0.0,0.014,0.0,-0.035500000000000004,0.035500000000000004,13.3,-0.0066,60976.0,0.07350000000000001,0.0,2053.0,60000.0,0.0502,0.48190000000000005,0.47900000000000004,0.0,-0.026000000000000002,0.0,0.006,9.809000000000001
56964670,1,0,-0.004,0.021,-0.003,0.014,0.0,-0.034800000000000005,0.034800000000000005,13.3,-0.0066,61348.0,0.0703,0.0,7081.0,60000.0,0.0492,0.48160000000000003,0.48100000000000004,0.0,-0.027,0.0,-0.145,9.809000000000001
56967598,1,0,-0.067,0.022,-0.008,0.014,0.0,-0.0358,0.0358,13.3,-0.0068000000000000005,61100.0,0.07350000000000001,0.0,10009.0,59880.0,0.0506,0.48160000000000003,0.48100000000000004,0.0,-0.027,0.0,0.234,9.809000000000001
56972841,1,0,-0.04,0.013000000000000001,-0.014,0.014,0.0,-0.0333,0.0333,13.3,-0.0067,60976.0,0.0671,0.0,15252.0,59880.0,0.0471,0.48160000000000003,0.48100000000000004,0.0,-0.027,0.0,-0.051000000000000004,9.773
56975602,1,0,-0.024,0.015,-0.015,0.014,0.0,-0.0356,0.0356,13.3,-0.0068000000000000005,61100.0,0.07350000000000001,0.0,0.0,60000.0,0.0504,0.48210000000000003,0.48300000000000004,0.0,-0.012,0.0,0.049,9.773
56979655,1,0,-0.039,0.009000000000000001,-0.012,0.014,0.0,-0.034,0.0339,13.3,-0.0068000000000000005,61224.0,0.0703,0.0,4053.0,59880.0,0.048,0.48210000000000003,0.48300000000000004,0.0,-0.012,0.0,-0.10300000000000001,9.773
56984683,1,0,0.054,0.03,-0.01,0.014,0.0,-0.036000000000000004,0.036000000000000004,13.3,-0.006900000000000001,61100.0,0.07350000000000001,0.0,9081.0,60000.0,0.0509,0.48310000000000003,0.48500000000000004,0.0,0.011,0.0,-0.056,9.773
56987612,1,0,-0.069,-0.008,-0.008,0.015,0.0,-0.0329,0.0329,13.3,-0.007,61348.0,0.0671,0.0,12010.0,60000.0,0.0466,0.48310000000000003,0.48500000000000004,0.0,0.011,0.0,0.055,9.773
56992630,1,0,0.004,0.017,0.007,0.015,0.0,-0.0359,0.0359,13.3,-0.0071,61476.0,0.07350000000000001,0.0,17028.0,60000.0,0.0507,0.48310000000000003,0.48500000000000004,0.0,0.011,0.0,-0.067,9.816
56997620,1,0,0.009000000000000001,-0.001,0.006,0.015,0.0,-0.0329,0.0329,13.32,-0.007200000000000001,61100.0,0.06720000000000001,0.0,0.0,59640.0,0.0465,0.48450000000000004,0.48700000000000004,0.0,0.036000000000000004,0.0,0.034,9.816
56999669,1,0,-0.002,0.009000000000000001,0.011,0.015,0.0,-0.0333,0.0332,13.32,-0.0073,61224.0,0.06720000000000001,0.0,2049.0,60120.0,0.047,0.48450000000000004,0.48700000000000004,0.0,0.036000000000000004,0.0,-0.164,9.816
57005625,1,0,0.017,0.013000000000000001,0.016,0.015,0.0,-0.0324,0.0324,13.32,-0.0074,61224.0,0.06720000000000001,0.0,8005.0,59880.0,0.0458,0.4847,0.48500000000000004,0.0,0.033,0.0,-0.053,9.816
57008653,1,0,-0.064,-0.038,0.013000000000000001,0.015,0.0,-0.033100000000000004,0.033,13.32,-0.0074,60976.0,0.06720000000000001,0.0,11033.0,59880.0,0.046700000000000005,0.4847,0.48500000000000004,0.0,0.033,0.0,0.015,9.816
57011629,1,0,-0.001,-0.002,-0.001,0.015,0.0,-0.0328,0.0328,13.32,-0.0074,61224.0,0.06720000000000001,0.0,14009.0,60000.0,0.046400000000000004,0.4847,0.48500000000000004,0.0,0.033,0.0,0.06,9.764
57015646,1,0,-0.063,-0.044,0.019,0.015,0.0,-0.0325,0.0325,13.32,-0.0074,61100.0,0.06720000000000001,0.0,0.0,60120.0,0.0459,0.48410000000000003,0.48300000000000004,0.0,0.015,0.0,-0.04,9.764
57021679,1,0,-0.056,-0.027,0.002,0.015,0.0,-0.032,0.031900000000000005,13.32,-0.0074,61100.0,0.064,0.0,6033.0,60000.0,0.045200000000000004,0.48410000000000003,0.48300000000000004,0.0,0.015,0.0,-0.089,9.764
57024681,1,0,-0.002,-0.056,-0.004,0.015,0.0,-0.0291,0.0291,13.32,-0.0073,61224.0,0.0608,0.0,9035.0,60000.0,0.041100000000000005,0.48410000000000003,0.48300000000000004,0.0,0.015,0.0,0.07200000000000001,9.764
57027636,1,0,-0.017,0.016,-0.009000000000000001,0.015,0.0,-0.0302,0.030100000000000002,13.32,-0.0074,61348.0,0.0608,0.0,11990.0,60000.0,0.0426,0.48400000000000004,0.48400000000000004,0.0,0.011,0.0,-0.215,9.764
57032644,1,0,0.041,-0.016,-0.011,0.015,0.0,-0.028800000000000003,0.028800000000000003,13.32,-0.007200000000000001,61100.0,0.057600000000000005,0.0,16998.0,59880.0,0.0408,0.48400000000000004,0.48400000000000004,0.0,0.011,0.0,-0.018000000000000002,9.886000000000001
57037647,1,0,-0.003,-0.075,0.003,0.015,0.0,-0.029400000000000003,0.029400000000000003,13.34,-0.0071,61348.0,0.0609,0.0,0.0,60120.0,0.041600000000000005,0.4844,0.48500000000000004,0.0,0.016,0.0,0.067,9.886000000000001
57039682,1,0,0.048,-0.012,-0.006,0.015,0.0,-0.0292,0.0292,13.34,-0.007,61348.0,0.0609,0.0,2035.0,60120.0,0.0412,0.4844,0.48500000000000004,0.0,0.016,0.0,0.021,9.886000000000001
57044762,1,0,0.004,-0.079,0.014,0.014,0.0,-0.028800000000000003,0.0287,13.34,-0.007,61224.0,0.0577,0.0,7115.0,60120.0,0.0407,0.48460000000000003,0.48500000000000004,0.0,0.017,0.0,0.077,9.886000000000001
57047653,1,0,0.048,0.027,-0.013000000000000001,0.014,0.0,-0.028,0.028,13.34,-0.006900000000000001,61224.0,0.0577,0.0,10006.0,60120.0,0.0396,0.48460000000000003,0.48500000000000004,0.0,0.017,0.0,-0.014,9.886000000000001
57052658,1,0,0.031,-0.058,0.018000000000000002,0.014,0.0,-0.027,0.027,13.34,-0.0067,61224.0,0.0545,0.0,15011.0,60000.0,0.038200000000000005,0.48460000000000003,0.48500000000000004,0.0,0.017,0.0,0.191,9.839
57057660,1,0,0.023,-0.07100000000000001,0.013000000000000001,0.014,0.0,-0.0267,0.0267,13.34,-0.006500000000000001,61476.0,0.0545,0.0,0.0,60120.0,0.037700000000000004,0.4844,0.48400000000000004,0.0,0.009000000000000001,0.0,0.057,9.839
57059746,1,0,0.031,-0.056,0.013000000000000001,0.013000000000000001,0.0,-0.0261,0.0261,13.34,-0.0063,61348.0,0.0545,0.0,2086.0,60000.0,0.0369,0.4844,0.48400000000000004,0.0,0.009000000000000001,0.0,0.147,9.839
57064774,1,0,0.041,-0.07,0.02,0.013000000000000001,0.0,-0.0253,0.0253,13.34,-0.006200000000000001,61100.0,0.051300000000000005,0.0,7114.0,60000.0,0.0358,0.4839,0.48300000000000004,0.0,-0.002,0.0,-0.052000000000000005,9.839
57069554,1,0,0.029,0.026000000000000002,0.001,0.012,0.0,-0.024,0.024,13.34,-0.006,61224.0,0.048100000000000004,0.0,11894.0,60120.0,0.0339,0.4839,0.48300000000000004,0.0,-0.002,0.0,-0.07100000000000001,9.839
57071679,1,0,0.048,-0.085,0.005,0.012,0.0,-0.023700000000000002,0.023700000000000002,13.34,-0.0058000000000000005,61224.0,0.048100000000000004,0.0,14019.0,60000.0,0.033600000000000005,0.4839,0.48300000000000004,0.0,-0.002,0.0,-0.036000000000000004,9.802
57076674,1,0,0.029,-0.001,-0.006,0.012,0.0,-0.0233,0.0233,13.34,-0.0056,61348.0,0.048100000000000004,0.0,0.0,60120.0,0.033,0.4839,0.48400000000000004,0.0,-0.001,0.0,-0.145,9.802
57080675,1,0,0.037,-0.045,-0.004,0.011,0.0,-0.0244,0.0244,13.36,-0.0051,61224.0,0.0514,0.0,4001.0,59880.0,0.0345,0.4839,0.48400000000000004,0.0,-0.001,0.0,-0.002,9.802
57084788,1,0,0.002,-0.053,-0.009000000000000001,0.011,0.0,-0.0267,0.0267,13.36,-0.005200000000000001,61224.0,0.0546,0.0,8114.0,59880.0,0.037700000000000004,0.48400000000000004,0.48400000000000004,0.0,0.0,0.0,-0.211,9.802
57087679,1,0,0.031,-0.043000000000000003,-0.008,0.01,0.0,-0.0247,0.0247,13.36,-0.005,61348.0,0.0514,0.0,11005.0,60120.0,0.035,0.48400000000000004,0.48400000000000004,0.0,0.0,0.0,-0.038,9.802
57092680,1,0,0.026000000000000002,-0.101,0.002,0.011,0.0,-0.0239,0.0239,13.36,-0.0051,61100.0,0.0482,0.0,16006.0,59880.0,0.033800000000000004,0.48400000000000004,0.48400000000000004,0.0,0.0,0.0,0.067,9.792
57097550,1,0,0.001,0.022,-0.025,0.01,0.0,-0.0234,0.0234,13.36,-0.005,61348.0,0.0482,0.0,0.0,60240.0,0.033,0.4843,0.48500000000000004,0.0,0.007,0.0,-0.129,9.792
57099727,1,0,-0.005,-0.08700000000000001,0.001,0.01,0.0,-0.027,0.027,13.36,-0.0049,61224.0,0.0546,0.0,2177.0,60000.0,0.038200000000000005,0.4843,0.48500000000000004,0.0,0.007,0.0,0.055,9.792
57104550,1,0,0.018000000000000002,0.019,-0.014,0.01,0.0,-0.0234,0.0234,13.36,-0.0049,61224.0,0.0482,0.0,7000.0,60360.0,0.033100000000000004,0.4843,0.48500000000000004,0.0,0.007,0.0,-0.246,9.792
57108712,1,0,0.029,0.009000000000000001,0.003,0.01,0.0,-0.024200000000000003,0.024200000000000003,13.36,-0.0047,61100.0,0.0482,0.0,11162.0,60120.0,0.0342,0.48460000000000003,0.48500000000000004,0.0,0.01,0.0,-0.066,9.792
57112736,1,0,0.037,-0.057,0.001,0.01,0.0,-0.0241,0.0241,13.36,-0.0047,60976.0,0.0482,0.0,15186.0,60120.0,0.0341,0.48460000000000003,0.48500000000000004,0.0,0.01,0.0,-0.185,9.794
57117552,1,0,0.031,0.066,0.007,0.009000000000000001,0.0,-0.024800000000000003,0.024800000000000003,13.38,-0.0046,61224.0,0.051500000000000004,0.0,0.0,60240.0,0.035,0.4847,0.48500000000000004,0.0,0.011,0.0,0.014,9.794
57119788,1,0,0.054,-0.053,0.008,0.009000000000000001,0.0,-0.0238,0.0238,13.38,-0.0045000000000000005,61224.0,0.0482,0.0,2236.0,60000.0,0.0337,0.4847,0.48500000000000004,0.0,0.011,0.0,-0.05,9.794
57124811,1,0,0.035,0.046,-0.009000000000000001,0.009000000000000001,0.0,-0.0244,0.0244,13.38,-0.0044,61100.0,0.051500000000000004,0.0,7259.0,60360.0,0.0345,0.48450000000000004,0.48400000000000004,0.0,0.004,0.0,-0.181,9.794
57129552,1,0,0.008,-0.036000000000000004,0.004,0.008,0.0,-0.0229,0.0229,13.38,-0.004,61100.0,0.0482,0.0,12000.0,60000.0,0.0323,0.48450000000000004,0.48400000000000004,0.0,0.004,0.0,0.156,9.794
57131750,1,0,0.039,0.031,-0.002,0.008,0.0,-0.0224,0.0224,13.38,-0.004,60976.0,0.045000000000000005,0.0,14198.0,60120.0,0.0317,0.48450000000000004,0.48400000000000004,0.0,0.004,0.0,-0.28700000000000003,9.794
57136552,1,0,0.007,-0.028,-0.006,0.008,0.0,-0.0223,0.0223,13.38,-0.0037,61100.0,0.045000000000000005,0.0,0.0,59880.0,0.0315,0.48500000000000004,0.48600000000000004,0.0,0.014,0.0,0.227,9.786
57140552,1,0,0.07,-0.031,0.004,0.008,0.0,-0.021400000000000002,0.021400000000000002,13.38,-0.0036000000000000003,60976.0,0.045000000000000005,0.0,4000.0,60120.0,0.0302,0.48500000000000004,0.48600000000000004,0.0,0.014,0.0,-0.14100000000000001,9.786
57144557,1,0,0.016,0.021,0.001,0.007,0.0,-0.0199,0.0199,13.38,-0.0034000000000000002,61224.0,0.041800000000000004,0.0,8005.0,60484.0,0.0281,0.48500000000000004,0.48600000000000004,0.0,0.014,0.0,0.08600000000000001,9.786
57148779,1,0,0.051000000000000004,-0.069,0.01,0.006,0.0,-0.0196,0.0196,13.38,-0.0031000000000000003,61100.0,0.0402,0.0,12227.0,60120.0,0.027800000000000002,0.4857,0.48700000000000004,0.0,0.025,0.0,0.195,9.786
57153553,1,0,0.06,-0.007,0.007,0.006,0.0,-0.0195,0.0195,13.38,-0.003,60976.0,0.0386,0.0,17001.0,60000.0,0.027600000000000003,0.4857,0.48700000000000004,0.0,0.025,0.0,-0.096,9.755
57157767,1,0,0.033,0.024,0.009000000000000001,0.005,0.0,-0.0198,0.0198,13.4,-0.0026000000000000003,61224.0,0.0419,0.0,0.0,60360.0,0.028,0.48550000000000004,0.48500000000000004,0.0,0.015,0.0,-0.13,9.755
57159811,1,0,0.059000000000000004,-0.016,0.007,0.005,0.0,-0.0195,0.0195,13.4,-0.0026000000000000003,61100.0,0.038700000000000005,0.0,2044.0,60120.0,0.027600000000000003,0.48550000000000004,0.48500000000000004,0.0,0.015,0.0,-0.329,9.755
57164837,1,0,0.036000000000000004,0.034,0.001,0.005,0.0,-0.0198,0.0198,13.4,-0.0023,61100.0,0.0419,0.0,7070.0,60240.0,0.028,0.4842,0.48200000000000004,0.0,-0.012,0.0,-0.22,9.755
57169610,1,0,0.032,-0.099,0.025,0.004,0.0,-0.018600000000000002,0.018600000000000002,13.4,-0.0021000000000000003,61224.0,0.038700000000000005,0.0,11843.0,60240.0,0.0264,0.4842,0.48200000000000004,0.0,-0.012,0.0,-0.035,9.755
57172679,1,0,0.017,0.03,0.005,0.004,0.0,-0.0196,0.0196,13.4,-0.002,60976.0,0.038700000000000005,0.0,14912.0,60360.0,0.027700000000000002,0.4842,0.48200000000000004,0.0,-0.012,0.0,-0.107,9.755
57177551,1,0,-0.001,-0.064,0.006,0.004,0.0,-0.0189,0.0189,13.4,-0.0017000000000000001,61224.0,0.038700000000000005,0.0,0.0,60240.0,0.0267,0.4838,0.48300000000000004,0.0,-0.018000000000000002,0.0,0.20800000000000002,9.859
57181776,1,0,0.043000000000000003,-0.07,0.011,0.004,0.0,-0.0201,0.0201,13.4,-0.0017000000000000001,61476.0,0.0419,0.0,4225.0,60240.0,0.0284,0.4838,0.48300000000000004,0.0,-0.018000000000000002,0.0,0.059000000000000004,9.859
57183781,1,0,0.0,-0.05,0.006,0.003,0.0,-0.019200000000000002,0.019200000000000002,13.4,-0.0017000000000000001,61348.0,0.038700000000000005,0.0,6230.0,60120.0,0.027100000000000003,0.4838,0.48300000000000004,0.0,-0.018000000000000002,0.0,0.269,9.859
57187785,1,0,0.049,-0.034,-0.009000000000000001,0.004,0.0,-0.0188,0.0188,13.4,-0.0018000000000000002,61348.0,0.038700000000000005,0.0,10234.0,60120.0,0.026600000000000002,0.48350000000000004,0.48300000000000004,0.0,-0.02,0.0,-0.16,9.859
57192552,1,0,0.005,0.001,-0.012,0.003,0.0,-0.0183,0.0183,13.4,-0.0016,61348.0,0.038700000000000005,0.0,15001.0,60360.0,0.025900000000000003,0.48350000000000004,0.48300000000000004,0.0,-0.02,0.0,-0.005,9.859
57196802,1,0,0.01,-0.068,-0.001,0.003,0.0,-0.0204,0.020300000000000002,13.42,-0.0015,61224.0,0.0419,0.0,0.0,60240.0,0.028800000000000003,0.48260000000000003,0.48100000000000004,0.0,-0.034,0.0,-0.20500000000000002,9.73
57201787,1,0,0.037,-0.052000000000000005,-0.01,0.003,0.0,-0.019700000000000002,0.019700000000000002,13.42,-0.0016,61224.0,0.0419,0.0,4985.0,60360.0,0.027800000000000002,0.48260000000000003,0.48100000000000004,0.0,-0.034,0.0,-0.266,9.73
57203791,1,0,0.008,-0.061,0.0,0.003,0.0,-0.0201,0.0201,13.42,-0.0015,61348.0,0.0419,0.0,6989.0,60484.0,0.0284,0.48260000000000003,0.48100000000000004,0.0,-0.034,0.0,0.096,9.73
57208551,1,0,0.033,-0.019,-0.01,0.003,0.0,-0.0204,0.0204,13.42,-0.0015,61476.0,0.0419,0.0,11749.0,60240.0,0.028900000000000002,0.48140000000000005,0.47900000000000004,0.0,-0.053,0.0,-0.152,9.73
57212552,1,0,-0.018000000000000002,-0.011,-0.006,0.003,0.0,-0.0217,0.0217,13.42,-0.0013000000000000002,60852.0,0.045200000000000004,0.0,15750.0,60484.0,0.030600000000000002,0.48140000000000005,0.47900000000000004,0.0,-0.053,0.0,0.211,9.73
57216805,1,0,-0.008,-0.07100000000000001,0.004,0.002,0.0,-0.0218,0.0218,13.42,-0.0011,61348.0,0.045200000000000004,0.0,0.0,60120.0,0.0309,0.4802,0.47800000000000004,0.0,-0.066,0.0,0.099,9.818
57220814,1,0,0.016,0.024,-0.002,0.002,0.0,-0.023200000000000002,0.023200000000000002,13.42,-0.0012000000000000001,61348.0,0.048400000000000006,0.0,4009.0,60120.0,0.0328,0.4802,0.47800000000000004,0.0,-0.066,0.0,-0.033,9.818
57225571,1,0,-0.037,-0.032,-0.001,0.002,0.0,-0.0222,0.0222,13.42,-0.001,61476.0,0.045200000000000004,0.0,8766.0,60608.0,0.0313,0.4791,0.47700000000000004,0.0,-0.075,0.0,0.254,9.818
57227735,1,0,0.019,0.023,-0.003,0.002,0.0,-0.0228,0.0227,13.42,-0.0011,61476.0,0.045200000000000004,0.0,10930.0,60120.0,0.0322,0.4791,0.47700000000000004,0.0,-0.075,0.0,0.017,9.818
57231823,1,0,-0.035,-0.023,0.012,0.002,0.0,-0.022000000000000002,0.022000000000000002,13.42,-0.0009000000000000001,61348.0,0.045200000000000004,0.0,15018.0,60360.0,0.031100000000000003,0.4791,0.47700000000000004,0.0,-0.075,0.0,0.427,9.818
57236557,1,0,0.022,-0.015,-0.002,0.002,0.0,-0.0233,0.0233,13.42,-0.0009000000000000001,61348.0,0.048400000000000006,0.0,0.0,60360.0,0.0329,0.4783,0.47700000000000004,0.0,-0.074,0.0,-0.05,9.77
57240819,1,0,-0.002,0.038,-0.007,0.002,0.0,-0.0239,0.0239,13.44,-0.0009000000000000001,60976.0,0.0485,0.0,4262.0,60120.0,0.0339,0.4783,0.47700000000000004,0.0,-0.074,0.0,-0.026000000000000002,9.77
57244842,1,0,-0.037,-0.029,0.017,0.002,0.0,-0.0244,0.0244,13.44,-0.0009000000000000001,61348.0,0.0517,0.0,8285.0,60360.0,0.0345,0.47750000000000004,0.47600000000000003,0.0,-0.076,0.0,0.132,9.77
57249814,1,0,0.008,-0.014,-0.012,0.002,0.0,-0.0241,0.024,13.44,-0.001,61476.0,0.0485,0.0,13257.0,60728.0,0.034,0.47750000000000004,0.47600000000000003,0.0,-0.076,0.0,-0.062,9.77
57251817,1,0,-0.041,-0.019,-0.005,0.002,0.0,-0.0246,0.0246,13.44,-0.001,61476.0,0.0517,0.0,15260.0,60240.0,0.034800000000000005,0.47750000000000004,0.47600000000000003,0.0,-0.076,0.0,0.341,9.77
57256558,1,0,0.022,0.03,-0.005,0.002,0.0,-0.0258,0.0257,13.44,-0.0011,61224.0,0.0517,0.0,0.0,60360.0,0.0364,0.4766,0.47500000000000003,0.0,-0.078,0.0,0.131,9.808
57260816,1,0,-0.024,0.041,-0.006,0.003,0.0,-0.026500000000000003,0.026500000000000003,13.44,-0.0012000000000000001,61476.0,0.054900000000000004,0.0,4258.0,60360.0,0.0374,0.4766,0.47500000000000003,0.0,-0.078,0.0,0.20800000000000002,9.808
57264841,1,0,-0.053,-0.005,-0.009000000000000001,0.003,0.0,-0.0275,0.0275,13.44,-0.0013000000000000002,61728.0,0.058100000000000006,0.0,8283.0,60360.0,0.038900000000000004,0.4757,0.47400000000000003,0.0,-0.081,0.0,-0.024,9.808
57269557,1,0,0.002,0.061,0.008,0.003,0.0,-0.028900000000000002,0.028900000000000002,13.44,-0.0015,61476.0,0.058100000000000006,0.0,12999.0,60360.0,0.0409,0.4757,0.47400000000000003,0.0,-0.081,0.0,-0.098,9.808
57273772,1,0,-0.07200000000000001,0.04,0.001,0.004,0.0,-0.027700000000000002,0.027700000000000002,13.44,-0.0018000000000000002,61224.0,0.058100000000000006,0.0,17214.0,60360.0,0.0392,0.4757,0.47400000000000003,0.0,-0.081,0.0,0.161,9.808
57275816,1,0,-0.009000000000000001,0.06,-0.007,0.004,0.0,-0.0291,0.0291,13.44,-0.0019,61348.0,0.0614,0.0,0.0,60240.0,0.041100000000000005,0.47440000000000004,0.47200000000000003,0.0,-0.091,0.0,-0.343,9.808
57280557,1,0,-0.068,0.026000000000000002,0.015,0.004,0.0,-0.028300000000000002,0.028300000000000002,13.46,-0.0021000000000000003,61600.0,0.0582,0.0,4741.0,60360.0,0.040100000000000004,0.47440000000000004,0.47200000000000003,0.0,-0.091,0.0,0.01,9.729000000000001
57284843,1,0,-0.023,0.04,0.018000000000000002,0.005,0.0,-0.0304,0.0304,13.46,-0.0024000000000000002,61476.0,0.061500000000000006,0.0,9027.0,60484.0,0.043000000000000003,0.47250000000000003,0.46900000000000003,0.0,-0.111,0.0,-0.025,9.729000000000001
57290557,1,0,-0.018000000000000002,0.061,-0.002,0.006,0.0,-0.030500000000000003,0.030500000000000003,13.46,-0.0027,61348.0,0.061500000000000006,0.0,14741.0,60240.0,0.0431,0.47250000000000003,0.46900000000000003,0.0,-0.111,0.0,0.135,9.729000000000001
57292557,1,0,-0.024,0.041,0.014,0.006,0.0,-0.030600000000000002,0.030600000000000002,13.46,-0.0029000000000000002,61348.0,0.061500000000000006,0.0,16741.0,60360.0,0.043300000000000005,0.47250000000000003,0.46900000000000003,0.0,-0.111,0.0,0.123,9.729000000000001
57297552,1,0,0.012,0.065,0.006,0.007,0.0,-0.0317,0.0317,13.46,-0.0032,61600.0,0.06470000000000001,0.0,0.0,60120.0,0.0449,0.4727,0.47300000000000003,0.0,-0.085,0.0,-0.294,9.812
57299824,1,0,-0.061,0.043000000000000003,-0.002,0.007,0.0,-0.032600000000000004,0.032600000000000004,13.46,-0.0034000000000000002,61600.0,0.0679,0.0,2272.0,60360.0,0.046200000000000005,0.4727,0.47300000000000003,0.0,-0.085,0.0,-0.10400000000000001,9.812
57304856,1,0,0.003,0.067,0.007,0.008,0.0,-0.0329,0.0329,13.46,-0.0036000000000000003,61600.0,0.0679,0.0,7304.0,60484.0,0.0465,0.4742,0.47700000000000004,0.0,-0.038,0.0,-0.246,9.812
57309838,1,0,0.033,0.073,-0.002,0.008,0.0,-0.0327,0.0327,13.46,-0.0039000000000000003,61224.0,0.0679,0.0,12286.0,60000.0,0.046200000000000005,0.4742,0.47700000000000004,0.0,-0.038,0.0,-0.017,9.812
57312556,1,0,0.01,0.073,-0.01,0.008,0.0,-0.033,0.0329,13.46,-0.0039000000000000003,61348.0,0.0679,0.0,15004.0,60608.0,0.0466,0.4742,0.47700000000000004,0.0,-0.038,0.0,-0.149,9.812
57317558,1,0,0.069,0.07,-0.006,0.009000000000000001,0.0,-0.0317,0.0317,13.48,-0.004200000000000001,61348.0,0.0648,0.0,0.0,60120.0,0.0448,0.47550000000000003,0.47800000000000004,0.0,-0.004,0.0,-0.14200000000000002,9.728
57319840,1,0,-0.026000000000000002,0.058,0.004,0.009000000000000001,0.0,-0.031200000000000002,0.031200000000000002,13.48,-0.0043,61348.0,0.0648,0.0,2282.0,60240.0,0.0442,0.47550000000000003,0.47800000000000004,0.0,-0.004,0.0,-0.135,9.728
57324842,1,0,0.012,0.067,-0.001,0.009000000000000001,0.0,-0.0378,0.037700000000000004,13.48,-0.0045000000000000005,61600.0,0.0777,0.0,7284.0,60608.0,0.0534,0.4767,0.47900000000000004,0.0,0.021,0.0,-0.07100000000000001,9.728
57329845,1,0,-0.007,0.042,0.005,0.01,0.0,-0.033,0.033,13.48,-0.0046,61476.0,0.068,0.0,12287.0,60240.0,0.046700000000000005,0.4767,0.47900000000000004,0.0,0.021,0.0,0.089,9.728
57332556,1,0,0.055,0.075,0.006,0.01,0.0,-0.0328,0.0328,13.48,-0.0046,61856.0,0.068,0.0,14998.0,60240.0,0.046400000000000004,0.4767,0.47900000000000004,0.0,0.021,0.0,-0.08700000000000001,9.728
57337550,1,0,-0.008,0.021,-0.001,0.01,0.0,-0.0327,0.0327,13.48,-0.0048000000000000004,61600.0,0.068,0.0,0.0,60240.0,0.0463,0.4772,0.47800000000000004,0.0,0.026000000000000002,0.0,0.028,9.728
57341817,1,0,-0.044,0.0,0.012,0.01,0.0,-0.0333,0.0332,13.48,-0.005,61600.0,0.068,0.0,4267.0,60360.0,0.047,0.4772,0.47800000000000004,0.0,0.026000000000000002,0.0,-0.054,9.728
57343864,1,0,-0.004,0.002,0.01,0.011,0.0,-0.033100000000000004,0.033100000000000004,13.48,-0.0051,61600.0,0.068,0.0,6314.0,60240.0,0.0468,0.4772,0.47800000000000004,0.0,0.026000000000000002,0.0,-0.038,9.728
57348551,1,0,-0.031,0.007,0.003,0.011,0.0,-0.0332,0.0332,13.48,-0.005200000000000001,61600.0,0.068,0.0,11001.0,60608.0,0.046900000000000004,0.4771,0.47700000000000004,0.0,0.019,0.0,-0.184,9.728
57352816,1,0,-0.006,0.032,0.001,0.011,0.0,-0.0344,0.034300000000000004,13.48,-0.0054,61600.0,0.0713,0.0,15266.0,60360.0,0.048600000000000004,0.4771,0.47700000000000004,0.0,0.019,0.0,-0.213,9.728
57357550,1,0,-0.031,-0.022,0.01,0.011,0.0,-0.0347,0.0347,13.5,-0.0055000000000000005,61728.0,0.0714,0.0,0.0,60240.0,0.049100000000000005,0.47740000000000005,0.47800000000000004,0.0,0.022,0.0,-0.134,9.795
57361821,1,0,-0.053,0.0,-0.007,0.012,0.0,-0.0361,0.036000000000000004,13.5,-0.0058000000000000005,61476.0,0.0746,0.0,4271.0,60240.0,0.051000000000000004,0.47740000000000005,0.47800000000000004,0.0,0.022,0.0,-0.18,9.795
57363865,1,0,-0.041,-0.012,-0.004,0.012,0.0,-0.0366,0.0366,13.5,-0.0058000000000000005,61728.0,0.0746,0.0,6315.0,60240.0,0.0517,0.47740000000000005,0.47800000000000004,0.0,0.022,0.0,-0.037,9.795
57368551,1,0,-0.058,0.034,-0.003,0.013000000000000001,0.0,-0.0375,0.0374,13.5,-0.0061,61600.0,0.0779,0.0,11001.0,60360.0,0.053000000000000005,0.4776,0.47800000000000004,0.0,0.021,0.0,-0.157,9.795
57372982,1,0,-0.042,0.052000000000000005,-0.015,0.013000000000000001,0.0,-0.038,0.038,13.5,-0.0064,61476.0,0.0779,0.0,15432.0,60240.0,0.053700000000000005,0.4776,0.47800000000000004,0.0,0.021,0.0,-0.171,9.795
57377550,1,0,-0.091,-0.037,-0.005,0.014,0.0,-0.0381,0.0381,13.5,-0.0068000000000000005,61600.0,0.0779,0.0,0.0,60360.0,0.0539,0.4767,0.47500000000000003,0.0,-0.001,0.0,-0.08700000000000001,9.739
57379880,1,0,-0.043000000000000003,0.06,-0.016,0.015,0.0,-0.037700000000000004,0.037700000000000004,13.5,-0.007,61348.0,0.0779,0.0,2330.0,60240.0,0.0533,0.4767,0.47500000000000003,0.0,-0.001,0.0,-0.246,9.739
57384550,1,0,-0.10200000000000001,-0.035,-0.005,0.016,0.0,-0.039900000000000005,0.039900000000000005,13.5,-0.007500000000000001,61476.0,0.0811,0.0,7000.0,60240.0,0.056400000000000006,0.4767,0.47500000000000003,0.0,-0.001,0.0,-0.17300000000000001,9.739
57388846,1,0,-0.088,0.033,-0.015,0.017,0.0,-0.0367,0.0367,13.5,-0.0079,61476.0,0.0746,0.0,11296.0,60360.0,0.0519,0.47540000000000004,0.47300000000000003,0.0,-0.027,0.0,-0.28400000000000003,9.739
57393551,1,0,-0.05,0.021,-0.011,0.017,0.0,-0.0405,0.040400000000000005,13.5,-0.0081,61600.0,0.0843,0.0,16001.0,60000.0,0.0572,0.47540000000000004,0.47300000000000003,0.0,-0.027,0.0,0.044,9.739
57397847,1,0,-0.07200000000000001,-0.046,0.011,0.017,0.0,-0.038400000000000004,0.038400000000000004,13.5,-0.0083,61600.0,0.0779,0.0,0.0,60484.0,0.0543,0.47490000000000004,0.47400000000000003,0.0,-0.031,0.0,0.134,9.77
57399893,1,0,-0.047,0.024,0.002,0.017,0.0,-0.0397,0.0396,13.530000000000001,-0.0083,61476.0,0.08120000000000001,0.0,2046.0,60240.0,0.056100000000000004,0.47490000000000004,0.47400000000000003,0.0,-0.031,0.0,0.157,9.77
57404550,1,0,-0.064,-0.036000000000000004,0.009000000000000001,0.018000000000000002,0.0,-0.0385,0.0385,13.530000000000001,-0.0085,61600.0,0.0796,0.0,6703.0,60120.0,0.054400000000000004,0.47490000000000004,0.47400000000000003,0.0,-0.031,0.0,-0.05,9.77
57408860,1,0,-0.059000000000000004,0.069,-0.002,0.018000000000000002,0.0,-0.040100000000000004,0.04,13.530000000000001,-0.008700000000000001,61728.0,0.0828,0.0,11013.0,60484.0,0.056600000000000004,0.4746,0.47400000000000003,0.0,-0.032,0.0,-0.34800000000000003,9.77
57413897,1,0,-0.022,0.052000000000000005,0.009000000000000001,0.018000000000000002,0.0,-0.037700000000000004,0.037700000000000004,13.530000000000001,-0.0089,61856.0,0.078,0.0,16050.0,60120.0,0.0533,0.4746,0.47400000000000003,0.0,-0.032,0.0,-0.20400000000000001,9.77
57416551,1,0,-0.029,0.053,0.006,0.019,0.0,-0.0366,0.0366,13.530000000000001,-0.009000000000000001,61856.0,0.0747,0.0,0.0,60608.0,0.0517,0.4747,0.47500000000000003,0.0,-0.022,0.0,-0.37,9.77
57420863,1,0,-0.055,0.066,0.016,0.019,0.0,-0.0402,0.0402,13.52,-0.0092,61600.0,0.0845,0.0,4312.0,60240.0,0.0568,0.4747,0.47500000000000003,0.0,-0.022,0.0,-0.045,9.712
57425571,1,0,0.008,-0.051000000000000004,0.011,0.019,0.0,-0.0352,0.0351,13.52,-0.009300000000000001,61856.0,0.07150000000000001,0.0,9020.0,60240.0,0.0497,0.4752,0.47600000000000003,0.0,-0.009000000000000001,0.0,-0.149,9.712
57427865,1,0,-0.016,0.033,-0.001,0.019,0.0,-0.0313,0.0313,13.52,-0.0092,61600.0,0.065,0.0,11314.0,60240.0,0.0443,0.4752,0.47600000000000003,0.0,-0.009000000000000001,0.0,0.019,9.712
57432549,1,0,0.001,-0.033,0.022,0.019,0.0,-0.0374,0.0374,13.52,-0.0092,61728.0,0.078,0.0,15998.0,60360.0,0.0529,0.4752,0.47600000000000003,0.0,-0.009000000000000001,0.0,-0.075,9.712
57436550,1,0,-0.002,0.063,-0.003,0.019,0.0,-0.0324,0.0324,13.52,-0.0092,61856.0,0.0682,0.0,0.0,60484.0,0.0458,0.4758,0.47700000000000004,0.0,0.005,0.0,-0.075,9.712
57440875,1,0,0.03,0.024,0.004,0.019,0.0,-0.033800000000000004,0.0337,13.55,-0.0091,61984.0,0.0683,0.0,4325.0,60240.0,0.0477,0.4758,0.47700000000000004,0.0,0.005,0.0,0.147,9.806000000000001
57444951,1,0,0.024,-0.021,0.018000000000000002,0.019,0.0,-0.032100000000000004,0.032100000000000004,13.55,-0.009300000000000001,61476.0,0.0651,0.0,8401.0,60120.0,0.0454,0.4762,0.47700000000000004,0.0,0.013000000000000001,0.0,-0.123,9.806000000000001
57449927,1,0,0.027,0.07100000000000001,-0.001,0.019,0.0,-0.032,0.032,13.55,-0.0094,61728.0,0.0651,0.0,13377.0,60484.0,0.045200000000000004,0.4762,0.47700000000000004,0.0,0.013000000000000001,0.0,-0.189,9.806000000000001
57452013,1,0,0.038,-0.025,0.01,0.019,0.0,-0.0318,0.0318,13.55,-0.009300000000000001,61856.0,0.0651,0.0,15463.0,60240.0,0.045000000000000005,0.4762,0.47700000000000004,0.0,0.013000000000000001,0.0,-0.124,9.806000000000001
57456886,1,0,0.029,0.066,-0.008,0.019,0.0,-0.0322,0.0322,13.55,-0.0092,61856.0,0.0651,0.0,0.0,60360.0,0.0455,0.4762,0.47600000000000003,0.0,0.008,0.0,-0.11900000000000001,9.806000000000001
57460891,1,0,0.024,0.0,0.003,0.019,0.0,-0.0328,0.0328,13.540000000000001,-0.0089,61856.0,0.0683,0.0,4005.0,60240.0,0.046400000000000004,0.4762,0.47600000000000003,0.0,0.008,0.0,0.151,9.732
57464963,1,0,0.047,0.008,-0.003,0.019,0.0,-0.032100000000000004,0.032100000000000004,13.540000000000001,-0.0091,61728.0,0.0651,0.0,8077.0,60120.0,0.0453,0.47640000000000005,0.47700000000000004,0.0,0.013000000000000001,0.0,-0.10300000000000001,9.732
57469550,1,0,0.008,0.06,-0.012,0.019,0.0,-0.031900000000000005,0.0318,13.540000000000001,-0.009000000000000001,61728.0,0.0651,0.0,12664.0,60360.0,0.045000000000000005,0.47640000000000005,0.47700000000000004,0.0,0.013000000000000001,0.0,0.136,9.732
57472683,1,0,0.046,0.002,-0.004,0.019,0.0,-0.0328,0.0328,13.540000000000001,-0.009000000000000001,61728.0,0.0683,0.0,15797.0,60360.0,0.046400000000000004,0.47640000000000005,0.47700000000000004,0.0,0.013000000000000001,0.0,0.038,9.732
57477549,1,0,0.028,0.057,-0.02,0.019,0.0,-0.0296,0.0296,13.540000000000001,-0.009000000000000001,61728.0,0.0618,0.0,0.0,60608.0,0.041800000000000004,0.47700000000000004,0.47800000000000004,0.0,0.021,0.0,-0.14100000000000001,9.732
57479950,1,0,0.062,-0.057,0.0,0.018000000000000002,0.0,-0.029500000000000002,0.029500000000000002,13.56,-0.0089,61600.0,0.061900000000000004,0.0,2401.0,60360.0,0.0417,0.47700000000000004,0.47800000000000004,0.0,0.021,0.0,-0.065,9.694
57484952,1,0,0.052000000000000005,0.012,-0.004,0.019,0.0,-0.0303,0.0303,13.56,-0.0089,61728.0,0.061900000000000004,0.0,7403.0,60608.0,0.042800000000000005,0.4766,0.47600000000000003,0.0,0.01,0.0,-0.105,9.694
57489956,1,0,0.025,0.035,-0.012,0.018000000000000002,0.0,-0.029900000000000003,0.0298,13.56,-0.008700000000000001,61856.0,0.061900000000000004,0.0,12407.0,60360.0,0.0422,0.4766,0.47600000000000003,0.0,0.01,0.0,0.221,9.694
57492559,1,0,0.053,-0.012,-0.007,0.018000000000000002,0.0,-0.029500000000000002,0.029500000000000002,13.56,-0.008700000000000001,61856.0,0.061900000000000004,0.0,15010.0,60240.0,0.0417,0.4766,0.47600000000000003,0.0,0.01,0.0,-0.006,9.694
57497549,1,0,0.035,0.033,-0.003,0.018000000000000002,0.0,-0.0287,0.0287,13.56,-0.0085,61856.0,0.0587,0.0,0.0,60360.0,0.0405,0.4757,0.47400000000000003,0.0,-0.011,0.0,-0.112,9.694
57501918,1,0,0.035,-0.05,0.005,0.017,0.0,-0.027800000000000002,0.027800000000000002,13.57,-0.0082,61476.0,0.0587,0.0,4369.0,60484.0,0.0393,0.4757,0.47400000000000003,0.0,-0.011,0.0,0.10400000000000001,9.816
57503960,1,0,0.037,0.027,-0.008,0.017,0.0,-0.027700000000000002,0.027600000000000003,13.57,-0.0082,61600.0,0.0587,0.0,6411.0,60484.0,0.0391,0.4757,0.47400000000000003,0.0,-0.011,0.0,-0.113,9.816
57508921,1,0,0.011,-0.057,0.006,0.016,0.0,-0.0274,0.0274,13.57,-0.0078000000000000005,61856.0,0.055400000000000005,0.0,11372.0,60484.0,0.038700000000000005,0.4751,0.47400000000000003,0.0,-0.02,0.0,0.153,9.816
57512935,1,0,0.046,-0.056,0.001,0.016,0.0,-0.0275,0.0275,13.57,-0.0077,61856.0,0.055400000000000005,0.0,15386.0,60484.0,0.0388,0.4751,0.47400000000000003,0.0,-0.02,0.0,-0.134,9.816
57517550,1,0,0.006,-0.007,-0.015,0.015,0.0,-0.0263,0.0263,13.57,-0.0074,61856.0,0.055400000000000005,0.0,0.0,60484.0,0.037200000000000004,0.4747,0.47400000000000003,0.0,-0.024,0.0,0.121,9.816
57522683,1,0,-0.019,-0.08700000000000001,0.003,0.015,0.0,-0.0264,0.0264,13.59,-0.0071,61856.0,0.0555,0.0,5133.0,60360.0,0.0373,0.4747,0.47400000000000003,0.0,-0.024,0.0,0.28300000000000003,9.814
57525004,1,0,0.032,-0.002,-0.012,0.015,0.0,-0.0256,0.0256,13.59,-0.0071,61984.0,0.0522,0.0,7454.0,60484.0,0.0362,0.47450000000000003,0.47400000000000003,0.0,-0.024,0.0,-0.005,9.814
57529981,1,0,-0.018000000000000002,-0.045,-0.015,0.014,0.0,-0.024200000000000003,0.024200000000000003,13.59,-0.0068000000000000005,61984.0,0.049,0.0,12431.0,60484.0,0.0342,0.47450000000000003,0.47400000000000003,0.0,-0.024,0.0,0.088,9.814
57532549,1,0,0.026000000000000002,-0.02,-0.02,0.014,0.0,-0.024800000000000003,0.024800000000000003,13.59,-0.0067,61600.0,0.0522,0.0,14999.0,60484.0,0.035,0.47450000000000003,0.47400000000000003,0.0,-0.024,0.0,-0.302,9.814
57537547,1,0,-0.003,-0.03,-0.002,0.014,0.0,-0.0241,0.0241,13.59,-0.006500000000000001,61856.0,0.049,0.0,0.0,60360.0,0.0341,0.47400000000000003,0.47300000000000003,0.0,-0.03,0.0,0.194,9.814
57541550,1,0,0.023,-0.067,-0.005,0.013000000000000001,0.0,-0.0244,0.0244,13.59,-0.0064,61728.0,0.0522,0.0,4003.0,60360.0,0.0345,0.47400000000000003,0.47300000000000003,0.0,-0.03,0.0,0.155,9.737
57545700,1,0,0.036000000000000004,-0.012,-0.004,0.013000000000000001,0.0,-0.0239,0.0239,13.59,-0.006200000000000001,61728.0,0.049,0.0,8153.0,60360.0,0.0337,0.47400000000000003,0.47400000000000003,0.0,-0.024,0.0,0.245,9.737
57547814,1,0,0.041,-0.047,-0.004,0.013000000000000001,0.0,-0.024300000000000002,0.024300000000000002,13.59,-0.0061,61728.0,0.049,0.0,10267.0,60360.0,0.034300000000000004,0.47400000000000003,0.47400000000000003,0.0,-0.024,0.0,-0.054,9.737
57552549,1,0,0.039,-0.011,0.002,0.012,0.0,-0.0246,0.0246,13.59,-0.0059,61728.0,0.0522,0.0,15002.0,60360.0,0.034800000000000005,0.47400000000000003,0.47400000000000003,0.0,-0.024,0.0,-0.029,9.737
57557548,1,0,-0.031,-0.038,0.006,0.012,0.0,-0.0239,0.0239,13.59,-0.0057,61728.0,0.049,0.0,0.0,60240.0,0.033800000000000004,0.47400000000000003,0.47400000000000003,0.0,-0.019,0.0,0.17500000000000002,9.737
57561955,1,0,-0.007,-0.054,0.013000000000000001,0.011,0.0,-0.024900000000000002,0.024900000000000002,13.59,-0.0055000000000000005,61600.0,0.0522,0.0,4407.0,60484.0,0.0352,0.47400000000000003,0.47400000000000003,0.0,-0.019,0.0,0.251,9.747
57563996,1,0,-0.032,-0.033,0.011,0.011,0.0,-0.024,0.024,13.61,-0.0054,61984.0,0.049100000000000005,0.0,6448.0,60852.0,0.0339,0.47400000000000003,0.47400000000000003,0.0,-0.019,0.0,0.561,9.747
57568964,1,0,0.014,-0.043000000000000003,0.017,0.011,0.0,-0.0222,0.0222,13.61,-0.005200000000000001,62112.0,0.0458,0.0,11416.0,60240.0,0.031400000000000004,0.4747,0.47600000000000003,0.0,-0.001,0.0,0.085,9.747
57573026,1,0,0.046,-0.018000000000000002,0.011,0.011,0.0,-0.0223,0.0223,13.61,-0.0051,61856.0,0.0458,0.0,15478.0,60484.0,0.0315,0.4747,0.47600000000000003,0.0,-0.001,0.0,0.006,9.747
57577547,1,0,0.003,-0.047,0.011,0.01,0.0,-0.020900000000000002,0.020900000000000002,13.61,-0.0049,61984.0,0.0425,0.0,0.0,60852.0,0.0296,0.4758,0.47800000000000004,0.0,0.023,0.0,0.013000000000000001,9.747
57581971,1,0,0.026000000000000002,-0.043000000000000003,0.013000000000000001,0.01,0.0,-0.0212,0.0212,13.61,-0.0047,61728.0,0.0425,0.0,4424.0,60608.0,0.029900000000000003,0.4758,0.47800000000000004,0.0,0.023,0.0,0.099,9.745000000000001
57584033,1,0,-0.004,-0.05,0.015,0.01,0.0,-0.021500000000000002,0.021500000000000002,13.61,-0.0046,61856.0,0.0458,0.0,6486.0,60728.0,0.0304,0.4777,0.48100000000000004,0.0,0.054,0.0,0.38,9.745000000000001
57588975,1,0,0.026000000000000002,-0.051000000000000004,0.005,0.009000000000000001,0.0,-0.0196,0.0196,13.61,-0.004200000000000001,61728.0,0.0392,0.0,11428.0,60852.0,0.027700000000000002,0.4777,0.48100000000000004,0.0,0.054,0.0,0.127,9.745000000000001
57592981,1,0,0.058,-0.038,-0.001,0.008,0.0,-0.021,0.021,13.61,-0.004,61728.0,0.0425,0.0,15434.0,60608.0,0.0296,0.4777,0.48100000000000004,0.0,0.054,0.0,0.018000000000000002,9.745000000000001
57597547,1,0,-0.027,-0.063,0.015,0.008,0.0,-0.021,0.021,13.61,-0.0038,61728.0,0.0425,0.0,0.0,60484.0,0.0297,0.47950000000000004,0.48300000000000004,0.0,0.081,0.0,-0.107,9.745000000000001
57601550,1,0,0.066,-0.025,-0.007,0.008,0.0,-0.021500000000000002,0.021500000000000002,13.61,-0.0036000000000000003,61984.0,0.0458,0.0,4003.0,60608.0,0.0303,0.47950000000000004,0.48300000000000004,0.0,0.081,0.0,-0.234,9.733
57604027,1,0,-0.024,-0.069,-0.003,0.007,0.0,-0.0196,0.0196,13.61,-0.0035,61984.0,0.0392,0.0,6480.0,60728.0,0.027700000000000002,0.47950000000000004,0.48300000000000004,0.0,0.081,0.0,0.047,9.733
57608991,1,0,0.049,-0.019,0.002,0.007,0.0,-0.0205,0.0205,13.63,-0.0033,61856.0,0.0426,0.0,11444.0,60608.0,0.029,0.47900000000000004,0.47800000000000004,0.0,0.054,0.0,0.073,9.733
57614058,1,0,0.056,-0.032,0.0,0.006,0.0,-0.0194,0.0194,13.63,-0.0031000000000000003,61856.0,0.0393,0.0,16511.0,60240.0,0.0275,0.47690000000000005,0.47300000000000003,0.0,0.001,0.0,-0.016,9.733
57616549,1,0,0.055,-0.005,-0.001,0.006,0.0,-0.0198,0.0198,13.63,-0.003,61728.0,0.0426,0.0,0.0,60852.0,0.028,0.47690000000000005,0.47300000000000003,0.0,0.001,0.0,-0.131,9.733
57621000,1,0,0.062,-0.028,-0.002,0.006,0.0,-0.0195,0.0195,13.63,-0.0029000000000000002,61984.0,0.0393,0.0,4451.0,60360.0,0.0275,0.47690000000000005,0.47300000000000003,0.0,0.001,0.0,-0.371,9.733
57625549,1,0,0.007,-0.049,0.008,0.006,0.0,-0.020800000000000003,0.020800000000000003,13.63,-0.0029000000000000002,61856.0,0.0426,0.0,9000.0,60976.0,0.029400000000000003,0.47550000000000003,0.47300000000000003,0.0,-0.026000000000000002,0.0,-0.124,9.747
57630051,1,0,0.045,0.0,-0.012,0.006,0.0,-0.02,0.02,13.63,-0.0027,61984.0,0.0426,0.0,13502.0,60852.0,0.028200000000000003,0.47550000000000003,0.47300000000000003,0.0,-0.026000000000000002,0.0,-0.115,9.747
57632548,1,0,0.021,-0.059000000000000004,-0.002,0.006,0.0,-0.0194,0.0194,13.63,-0.0027,61728.0,0.0393,0.0,15999.0,60728.0,0.0274,0.47550000000000003,0.47300000000000003,0.0,-0.026000000000000002,0.0,0.11,9.747
57636550,1,0,0.061,0.005,-0.007,0.005,0.0,-0.019700000000000002,0.019700000000000002,13.63,-0.0024000000000000002,61984.0,0.0426,0.0,0.0,60608.0,0.0279,0.4746,0.47300000000000003,0.0,-0.039,0.0,-0.055,9.747
57641011,1,0,0.067,-0.04,-0.014,0.005,0.0,-0.0206,0.0206,13.63,-0.0022,61728.0,0.0426,0.0,4461.0,60608.0,0.0291,0.4746,0.47300000000000003,0.0,-0.039,0.0,-0.263,9.747
57645549,1,0,0.01,-0.022,-0.013000000000000001,0.004,0.0,-0.0216,0.0216,13.63,-0.0021000000000000003,61728.0,0.0458,0.0,8999.0,60852.0,0.030500000000000003,0.4737,0.47200000000000003,0.0,-0.05,0.0,-0.25,9.733
57650064,1,0,0.059000000000000004,0.036000000000000004,-0.016,0.004,0.0,-0.021500000000000002,0.021500000000000002,13.65,-0.002,61856.0,0.0459,0.0,13514.0,60852.0,0.0303,0.4737,0.47200000000000003,0.0,-0.05,0.0,-0.301,9.733
57652548,1,0,0.014,-0.022,-0.014,0.004,0.0,-0.0212,0.0212,13.65,-0.002,61856.0,0.0426,0.0,15998.0,60484.0,0.030000000000000002,0.4737,0.47200000000000003,0.0,-0.05,0.0,-0.125,9.733
57657548,1,0,0.052000000000000005,0.036000000000000004,-0.024,0.004,0.0,-0.0211,0.0211,13.65,-0.0019,61984.0,0.0426,0.0,0.0,60728.0,0.0298,0.47240000000000004,0.47000000000000003,0.0,-0.066,0.0,-0.188,9.733
57660072,1,0,0.026000000000000002,-0.066,0.002,0.004,0.0,-0.0199,0.0199,13.65,-0.0018000000000000002,61728.0,0.0426,0.0,2524.0,60484.0,0.0281,0.47240000000000004,0.47000000000000003,0.0,-0.066,0.0,-0.036000000000000004,9.733
57665073,1,0,0.03,0.017,-0.006,0.004,0.0,-0.021400000000000002,0.021400000000000002,13.65,-0.0017000000000000001,61856.0,0.0459,0.0,7525.0,60484.0,0.0302,0.47050000000000003,0.467,0.0,-0.09,0.0,-0.168,9.704
57669550,1,0,0.053,0.001,-0.003,0.003,0.0,-0.0222,0.0222,13.65,-0.0014,61984.0,0.0459,0.0,12002.0,60484.0,0.031400000000000004,0.47050000000000003,0.467,0.0,-0.09,0.0,-0.07100000000000001,9.704
57671604,1,0,0.033,0.049,-0.003,0.003,0.0,-0.0223,0.0223,13.65,-0.0015,61984.0,0.0459,0.0,14056.0,60728.0,0.0315,0.47050000000000003,0.467,0.0,-0.09,0.0,-0.152,9.704
57676181,1,0,0.053,0.02,-0.001,0.002,0.0,-0.0222,0.0222,13.65,-0.0012000000000000001,61856.0,0.0459,0.0,0.0,60608.0,0.0315,0.4682,0.464,0.0,-0.11800000000000001,0.0,-0.053,9.704
57681039,1,0,0.004,-0.063,0.004,0.003,0.0,-0.0238,0.0238,13.65,-0.0012000000000000001,61856.0,0.0492,0.0,4858.0,60728.0,0.0337,0.4682,0.464,0.0,-0.11800000000000001,0.0,-0.011,9.704
57685092,1,0,0.015,0.054,-0.001,0.003,0.0,-0.0227,0.0227,13.65,-0.0013000000000000002,62112.0,0.0459,0.0,8911.0,60976.0,0.032100000000000004,0.4682,0.468,0.0,-0.096,0.0,-0.217,9.813
57690091,1,0,0.028,0.043000000000000003,-0.003,0.003,0.0,-0.0234,0.0234,13.67,-0.0012000000000000001,61984.0,0.049300000000000004,0.0,13910.0,60852.0,0.0332,0.4682,0.468,0.0,-0.096,0.0,-0.109,9.813
57692551,1,0,0.008,0.059000000000000004,-0.009000000000000001,0.003,0.0,-0.023700000000000002,0.023700000000000002,13.67,-0.0013000000000000002,61984.0,0.049300000000000004,0.0,16370.0,60728.0,0.0335,0.4682,0.468,0.0,-0.096,0.0,-0.183,9.813
57697049,1,0,0.02,0.047,-0.003,0.003,0.0,-0.0233,0.0233,13.67,-0.0012000000000000001,61856.0,0.049300000000000004,0.0,0.0,60484.0,0.033,0.46950000000000003,0.47200000000000003,0.0,-0.05,0.0,-0.035,9.813
57701550,1,0,-0.01,-0.05,0.011,0.003,0.0,-0.0244,0.0244,13.67,-0.0014,61984.0,0.0526,0.0,4501.0,60608.0,0.0344,0.46950000000000003,0.47200000000000003,0.0,-0.05,0.0,-0.013000000000000001,9.813
57706055,1,0,-0.005,0.046,-0.013000000000000001,0.003,0.0,-0.0244,0.0244,13.67,-0.0016,61856.0,0.0526,0.0,9006.0,60608.0,0.0345,0.47000000000000003,0.47100000000000003,0.0,-0.029,0.0,-0.201,9.681000000000001
57708214,1,0,-0.003,-0.047,0.006,0.003,0.0,-0.0246,0.0246,13.67,-0.0015,62112.0,0.0526,0.0,11165.0,60728.0,0.034800000000000005,0.47000000000000003,0.47100000000000003,0.0,-0.029,0.0,-0.074,9.681000000000001
57712550,1,0,-0.008,0.082,0.003,0.004,0.0,-0.0257,0.0257,13.67,-0.0017000000000000001,61984.0,0.0526,0.0,15501.0,61100.0,0.0363,0.47000000000000003,0.47100000000000003,0.0,-0.029,0.0,-0.181,9.681000000000001
57717064,1,0,-0.012,0.034,0.003,0.004,0.0,-0.0268,0.0268,13.67,-0.0018000000000000002,61856.0,0.0558,0.0,0.0,60728.0,0.038,0.4697,0.46900000000000003,0.0,-0.031,0.0,0.031,9.681000000000001
57721550,1,0,-0.032,-0.026000000000000002,0.011,0.004,0.0,-0.0274,0.0274,13.67,-0.0021000000000000003,61856.0,0.0558,0.0,4486.0,60484.0,0.0388,0.4697,0.46900000000000003,0.0,-0.031,0.0,-0.09,9.681000000000001
57726068,1,0,-0.019,0.084,0.005,0.005,0.0,-0.027,0.027,13.67,-0.0024000000000000002,62240.0,0.0558,0.0,9004.0,60976.0,0.038200000000000005,0.4691,0.468,0.0,-0.036000000000000004,0.0,-0.17,9.666
57728071,1,0,-0.03,-0.029,0.014,0.005,0.0,-0.0275,0.0275,13.67,-0.0025,61856.0,0.0591,0.0,11007.0,60608.0,0.038900000000000004,0.4691,0.468,0.0,-0.036000000000000004,0.0,-0.083,9.666
57732550,1,0,-0.027,0.096,-0.004,0.005,0.0,-0.0281,0.0281,13.69,-0.0026000000000000003,62112.0,0.0592,0.0,15486.0,60852.0,0.0398,0.4691,0.468,0.0,-0.036000000000000004,0.0,-0.083,9.666
57737075,1,0,-0.034,0.013000000000000001,0.014,0.006,0.0,-0.0284,0.0284,13.69,-0.0028,61984.0,0.0592,0.0,0.0,60852.0,0.0402,0.4687,0.468,0.0,-0.037,0.0,0.101,9.666
57742076,1,0,-0.037,-0.035,0.013000000000000001,0.007,0.0,-0.0296,0.029500000000000002,13.69,-0.0032,61856.0,0.0625,0.0,5001.0,60484.0,0.041800000000000004,0.4687,0.468,0.0,-0.037,0.0,0.093,9.666
57744107,1,0,-0.044,0.027,0.008,0.007,0.0,-0.0303,0.0303,13.69,-0.0033,62368.0,0.0625,0.0,7032.0,60608.0,0.0429,0.46880000000000005,0.46900000000000003,0.0,-0.027,0.0,0.28400000000000003,9.666
57749085,1,0,-0.035,-0.037,0.014,0.008,0.0,-0.0304,0.0304,13.69,-0.0037,62112.0,0.0625,0.0,12010.0,60608.0,0.043000000000000003,0.46880000000000005,0.46900000000000003,0.0,-0.027,0.0,0.291,9.681000000000001
57753090,1,0,-0.041,0.092,-0.001,0.008,0.0,-0.031,0.031,13.69,-0.004,62240.0,0.0658,0.0,16015.0,60728.0,0.0438,0.46880000000000005,0.46900000000000003,0.0,-0.027,0.0,0.20700000000000002,9.681000000000001
57757549,1,0,-0.047,-0.004,0.006,0.009000000000000001,0.0,-0.0325,0.0325,13.69,-0.0041,61984.0,0.06910000000000001,0.0,0.0,60608.0,0.0459,0.4692,0.47000000000000003,0.0,-0.013000000000000001,0.0,0.245,9.681000000000001
57762095,1,0,-0.035,-0.007,0.009000000000000001,0.009000000000000001,0.0,-0.0329,0.0329,13.69,-0.0045000000000000005,61984.0,0.06910000000000001,0.0,4546.0,60608.0,0.0466,0.4692,0.47000000000000003,0.0,-0.013000000000000001,0.0,-0.053,9.681000000000001
57764163,1,0,-0.035,0.009000000000000001,0.009000000000000001,0.009000000000000001,0.0,-0.0322,0.0322,13.69,-0.0045000000000000005,62240.0,0.0658,0.0,6614.0,60976.0,0.0455,0.4698,0.47100000000000003,0.0,0.002,0.0,0.195,9.681000000000001
57768561,1,0,-0.01,0.031,-0.006,0.01,0.0,-0.0313,0.031200000000000002,13.69,-0.0049,62112.0,0.0658,0.0,11012.0,60852.0,0.0442,0.4698,0.47100000000000003,0.0,0.002,0.0,0.024,9.746
57773589,1,0,-0.016,0.078,-0.005,0.01,0.0,-0.0323,0.0323,13.71,-0.005,62112.0,0.0692,0.0,16040.0,60728.0,0.045700000000000005,0.4698,0.47100000000000003,0.0,0.002,0.0,0.233,9.746
57776119,1,0,-0.023,-0.039,0.009000000000000001,0.011,0.0,-0.0318,0.0318,13.71,-0.0051,62112.0,0.0659,0.0,0.0,60608.0,0.045000000000000005,0.47100000000000003,0.47300000000000003,0.0,0.023,0.0,0.354,9.746
57780550,1,0,0.013000000000000001,0.107,-0.011,0.011,0.0,-0.033,0.033,13.71,-0.005200000000000001,61856.0,0.0692,0.0,4431.0,60852.0,0.0466,0.47100000000000003,0.47300000000000003,0.0,0.023,0.0,0.18,9.746
57784550,1,0,-0.023,-0.007,0.006,0.011,0.0,-0.033600000000000005,0.033600000000000005,13.71,-0.005200000000000001,61984.0,0.0692,0.0,8431.0,60484.0,0.0476,0.47200000000000003,0.47400000000000003,0.0,0.04,0.0,0.342,9.746
57789114,1,0,0.017,0.011,0.006,0.011,0.0,-0.034,0.034,13.71,-0.0054,61984.0,0.07250000000000001,0.0,12995.0,60728.0,0.048100000000000004,0.47200000000000003,0.47400000000000003,0.0,0.04,0.0,-0.075,9.758000000000001
57793550,1,0,-0.021,0.078,-0.008,0.012,0.0,-0.034300000000000004,0.034300000000000004,13.71,-0.0056,61984.0,0.07250000000000001,0.0,17431.0,60852.0,0.0485,0.47200000000000003,0.47400000000000003,0.0,0.04,0.0,-0.015,9.758000000000001
57798119,1,0,-0.031,-0.007,0.01,0.012,0.0,-0.033600000000000005,0.033600000000000005,13.71,-0.0058000000000000005,61984.0,0.0692,0.0,0.0,60728.0,0.0475,0.4727,0.47400000000000003,0.0,0.046,0.0,0.109,9.758000000000001
57800165,1,0,-0.024,0.057,-0.001,0.012,0.0,-0.033600000000000005,0.033600000000000005,13.71,-0.006,61856.0,0.0692,0.0,2046.0,60976.0,0.0475,0.4727,0.47400000000000003,0.0,0.046,0.0,0.03,9.758000000000001
57805171,1,0,-0.026000000000000002,-0.005,0.0,0.013000000000000001,0.0,-0.033600000000000005,0.0335,13.71,-0.0061,62240.0,0.0692,0.0,7052.0,60728.0,0.047400000000000005,0.4728,0.47300000000000003,0.0,0.039,0.0,-0.002,9.758000000000001
57810172,1,0,-0.012,-0.018000000000000002,0.005,0.013000000000000001,0.0,-0.0339,0.033800000000000004,13.71,-0.0064,62112.0,0.07250000000000001,0.0,12053.0,60608.0,0.047900000000000005,0.4728,0.47300000000000003,0.0,0.039,0.0,-0.147,9.698
57812513,1,0,-0.037,0.006,0.006,0.013000000000000001,0.0,-0.0352,0.0352,13.73,-0.006500000000000001,61728.0,0.0726,0.0,14394.0,60976.0,0.049800000000000004,0.4728,0.47300000000000003,0.0,0.039,0.0,0.11900000000000001,9.698
57816550,1,0,-0.006,-0.004,-0.004,0.014,0.0,-0.0346,0.0346,13.73,-0.0067,62240.0,0.0726,0.0,0.0,60728.0,0.0489,0.4732,0.47400000000000003,0.0,0.039,0.0,-0.153,9.698
57821137,1,0,-0.024,0.031,-0.001,0.014,0.0,-0.0351,0.0351,13.73,-0.0068000000000000005,62112.0,0.0726,0.0,4587.0,60728.0,0.0497,0.4732,0.47400000000000003,0.0,0.039,0.0,-0.038,9.698
57825221,1,0,-0.038,0.003,-0.001,0.014,0.0,-0.0367,0.0366,13.73,-0.006900000000000001,62112.0,0.07590000000000001,0.0,8671.0,60976.0,0.051800000000000006,0.4738,0.47500000000000003,0.0,0.044,0.0,0.17400000000000002,9.698
57830185,1,0,-0.031,-0.015,-0.004,0.015,0.0,-0.0362,0.0362,13.73,-0.007,62240.0,0.07590000000000001,0.0,13635.0,60852.0,0.0512,0.4738,0.47500000000000003,0.0,0.044,0.0,-0.08,9.725
57832548,1,0,-0.054,0.013000000000000001,-0.002,0.015,0.0,-0.0371,0.0371,13.73,-0.0071,62112.0,0.0792,0.0,15998.0,60728.0,0.052500000000000005,0.4738,0.47500000000000003,0.0,0.044,0.0,0.186,9.725
57838145,1,0,-0.047,-0.008,-0.001,0.015,0.0,-0.0358,0.0357,13.73,-0.007200000000000001,61856.0,0.07590000000000001,0.0,0.0,60852.0,0.0505,0.47390000000000004,0.47400000000000003,0.0,0.036000000000000004,0.0,0.08600000000000001,9.725
57840194,1,0,-0.021,0.037,-0.012,0.015,0.0,-0.0349,0.0349,13.73,-0.007200000000000001,61984.0,0.0726,0.0,2049.0,60852.0,0.0494,0.47390000000000004,0.47400000000000003,0.0,0.036000000000000004,0.0,0.097,9.725
57845236,1,0,-0.048,0.002,0.001,0.015,0.0,-0.0357,0.0357,13.73,-0.007200000000000001,62112.0,0.07590000000000001,0.0,7091.0,60608.0,0.0505,0.4736,0.47300000000000003,0.0,0.023,0.0,0.044,9.725
57850200,1,0,0.029,0.017,0.0,0.015,0.0,-0.0349,0.034800000000000005,13.73,-0.007200000000000001,62112.0,0.0726,0.0,12055.0,60728.0,0.049300000000000004,0.4736,0.47300000000000003,0.0,0.023,0.0,-0.249,9.72
57852548,1,0,-0.045,0.008,0.002,0.015,0.0,-0.035,0.0349,13.73,-0.007200000000000001,62112.0,0.0726,0.0,14403.0,60728.0,0.0494,0.4736,0.47300000000000003,0.0,0.023,0.0,0.08700000000000001,9.72
57857512,1,0,0.048,0.017,0.004,0.015,0.0,-0.033600000000000005,0.033600000000000005,13.75,-0.007200000000000001,62112.0,0.0694,0.0,0.0,61100.0,0.0475,0.4737,0.47400000000000003,0.0,0.021,0.0,-0.139,9.72
57861549,1,0,0.024,0.031,0.007,0.015,0.0,-0.0335,0.0335,13.75,-0.007200000000000001,62240.0,0.0694,0.0,4037.0,60728.0,0.047400000000000005,0.4737,0.47400000000000003,0.0,0.021,0.0,-0.064,9.72
57864188,1,0,0.044,0.009000000000000001,0.004,0.015,0.0,-0.0332,0.033100000000000004,13.75,-0.0071,62112.0,0.0694,0.0,6676.0,60852.0,0.046900000000000004,0.4742,0.47500000000000003,0.0,0.026000000000000002,0.0,-0.281,9.72
57869225,1,0,0.051000000000000004,0.029,0.009000000000000001,0.015,0.0,-0.033800000000000004,0.033800000000000004,13.75,-0.007,61984.0,0.07100000000000001,0.0,11713.0,60728.0,0.0478,0.4742,0.47500000000000003,0.0,0.026000000000000002,0.0,-0.124,9.685
57874195,1,0,-0.004,0.011,0.014,0.014,0.0,-0.032600000000000004,0.032600000000000004,13.75,-0.006900000000000001,62240.0,0.0694,0.0,16683.0,60976.0,0.046200000000000005,0.4741,0.47400000000000003,0.0,0.019,0.0,0.028,9.685
57876513,1,0,0.048,0.026000000000000002,0.008,0.014,0.0,-0.0325,0.0324,13.75,-0.006900000000000001,62112.0,0.0694,0.0,0.0,60728.0,0.0459,0.4741,0.47400000000000003,0.0,0.019,0.0,-0.17200000000000001,9.685
57880548,1,0,-0.02,-0.002,0.015,0.014,0.0,-0.0315,0.0315,13.75,-0.006900000000000001,62240.0,0.0661,0.0,4035.0,60852.0,0.0446,0.4741,0.47400000000000003,0.0,0.019,0.0,0.081,9.685
57885262,1,0,0.006,0.001,0.015,0.014,0.0,-0.0303,0.0303,13.75,-0.006900000000000001,62112.0,0.06280000000000001,0.0,8749.0,60728.0,0.0429,0.4737,0.47300000000000003,0.0,0.008,0.0,-0.135,9.685
57889549,1,0,0.031,0.01,0.01,0.014,0.0,-0.030000000000000002,0.030000000000000002,13.75,-0.006900000000000001,62368.0,0.06280000000000001,0.0,13036.0,60852.0,0.0424,0.4737,0.47300000000000003,0.0,0.008,0.0,-0.109,9.759
57894206,1,0,-0.02,-0.02,0.001,0.014,0.0,-0.030100000000000002,0.030000000000000002,13.75,-0.006900000000000001,62240.0,0.06280000000000001,0.0,17693.0,61100.0,0.0425,0.4731,0.47200000000000003,0.0,-0.006,0.0,0.038,9.759
57896222,1,0,0.028,0.012,0.001,0.014,0.0,-0.0303,0.0303,13.75,-0.006900000000000001,62240.0,0.06280000000000001,0.0,0.0,60608.0,0.042800000000000005,0.4731,0.47200000000000003,0.0,-0.006,0.0,-0.089,9.759
57900314,1,0,-0.023,-0.029,0.002,0.014,0.0,-0.0298,0.0298,13.780000000000001,-0.0068000000000000005,62112.0,0.0629,0.0,4092.0,61100.0,0.042100000000000005,0.4731,0.47200000000000003,0.0,-0.006,0.0,-0.054,9.759
57905275,1,0,0.008,0.008,-0.01,0.014,0.0,-0.030100000000000002,0.030100000000000002,13.780000000000001,-0.006900000000000001,62240.0,0.0629,0.0,9053.0,60976.0,0.0425,0.47240000000000004,0.47100000000000003,0.0,-0.02,0.0,-0.17300000000000001,9.759
57910240,1,0,0.029,-0.003,-0.016,0.014,0.0,-0.027700000000000002,0.027700000000000002,13.780000000000001,-0.0068000000000000005,62112.0,0.0596,0.0,14018.0,60728.0,0.0392,0.47240000000000004,0.47100000000000003,0.0,-0.02,0.0,-0.097,9.741
57912513,1,0,0.015,0.001,-0.012,0.014,0.0,-0.028,0.028,13.780000000000001,-0.0068000000000000005,62112.0,0.0596,0.0,16291.0,60852.0,0.0396,0.47240000000000004,0.47100000000000003,0.0,-0.02,0.0,-0.116,9.741
57917514,1,0,0.024,-0.006,-0.018000000000000002,0.014,0.0,-0.028200000000000003,0.028200000000000003,13.780000000000001,-0.0066,62500.0,0.0596,0.0,0.0,60976.0,0.0398,0.4722,0.47200000000000003,0.0,-0.018000000000000002,0.0,-0.067,9.741
57922639,1,0,0.014,-0.074,0.003,0.013000000000000001,0.0,-0.0269,0.0269,13.780000000000001,-0.006500000000000001,62368.0,0.0563,0.0,5125.0,60608.0,0.0381,0.4722,0.47200000000000003,0.0,-0.018000000000000002,0.0,0.05,9.741
57925290,1,0,0.023,0.001,-0.013000000000000001,0.013000000000000001,0.0,-0.0263,0.0263,13.780000000000001,-0.0064,62368.0,0.0563,0.0,7776.0,60852.0,0.0371,0.47250000000000003,0.47300000000000003,0.0,-0.009000000000000001,0.0,-0.08,9.741
57930291,1,0,0.038,-0.046,-0.001,0.013000000000000001,0.0,-0.0262,0.0262,13.780000000000001,-0.0061,62240.0,0.0563,0.0,12777.0,60976.0,0.0371,0.47250000000000003,0.47300000000000003,0.0,-0.009000000000000001,0.0,0.002,9.724
57932354,1,0,0.029,0.002,-0.01,0.013000000000000001,0.0,-0.025500000000000002,0.025500000000000002,13.780000000000001,-0.0061,62500.0,0.053000000000000005,0.0,14840.0,60728.0,0.0361,0.47250000000000003,0.47300000000000003,0.0,-0.009000000000000001,0.0,-0.065,9.724
57936512,1,0,0.034,-0.09,0.017,0.012,0.0,-0.024900000000000002,0.024900000000000002,13.780000000000001,-0.0058000000000000005,62368.0,0.053000000000000005,0.0,0.0,60976.0,0.0352,0.4727,0.47300000000000003,0.0,-0.004,0.0,0.107,9.724
57941253,1,0,0.024,-0.085,0.008,0.012,0.0,-0.0241,0.0241,13.780000000000001,-0.0056,62368.0,0.0497,0.0,4741.0,60852.0,0.0341,0.4727,0.47300000000000003,0.0,-0.004,0.0,0.037,9.724
57945265,1,0,0.028,-0.01,0.005,0.011,0.0,-0.0236,0.0236,13.8,-0.0054,62240.0,0.0497,0.0,8753.0,60852.0,0.0333,0.4728,0.47300000000000003,0.0,-0.001,0.0,-0.053,9.724
57950305,1,0,0.042,-0.093,0.012,0.011,0.0,-0.023200000000000002,0.023200000000000002,13.8,-0.0051,62368.0,0.0497,0.0,13793.0,60728.0,0.0328,0.4728,0.47300000000000003,0.0,-0.001,0.0,0.084,9.694
57952512,1,0,0.013000000000000001,-0.011,-0.001,0.011,0.0,-0.0233,0.0233,13.8,-0.0051,62368.0,0.0497,0.0,16000.0,61100.0,0.033,0.4728,0.47300000000000003,0.0,-0.001,0.0,-0.065,9.694
57957547,1,0,0.051000000000000004,-0.08,0.004,0.01,0.0,-0.0227,0.0227,13.8,-0.0049,62240.0,0.046400000000000004,0.0,0.0,60852.0,0.032100000000000004,0.4736,0.47500000000000003,0.0,0.015,0.0,0.088,9.694
57960310,1,0,-0.009000000000000001,-0.023,0.004,0.01,0.0,-0.022500000000000003,0.022500000000000003,13.8,-0.0049,62500.0,0.046400000000000004,0.0,2763.0,60976.0,0.0318,0.4736,0.47500000000000003,0.0,0.015,0.0,-0.115,9.694
57964512,1,0,0.043000000000000003,-0.07,-0.005,0.01,0.0,-0.0229,0.0229,13.8,-0.0046,62240.0,0.0497,0.0,6965.0,60976.0,0.0324,0.4748,0.47700000000000004,0.0,0.036000000000000004,0.0,0.179,9.694
57969548,1,0,0.011,-0.099,-0.004,0.009000000000000001,0.0,-0.023100000000000002,0.023100000000000002,13.8,-0.0045000000000000005,62500.0,0.0497,0.0,12001.0,60852.0,0.0327,0.4748,0.47700000000000004,0.0,0.036000000000000004,0.0,0.059000000000000004,9.759
57972678,1,0,0.033,-0.004,-0.012,0.009000000000000001,0.0,-0.0229,0.0229,13.8,-0.0043,62368.0,0.0497,0.0,15131.0,60852.0,0.0324,0.4748,0.47700000000000004,0.0,0.036000000000000004,0.0,-0.026000000000000002,9.759
57977511,1,0,0.048,-0.08,-0.001,0.008,0.0,-0.0207,0.0207,13.8,-0.0041,62500.0,0.0431,0.0,0.0,61100.0,0.029300000000000003,0.4752,0.47600000000000003,0.0,0.037,0.0,0.312,9.759
57981512,1,0,0.037,-0.029,-0.018000000000000002,0.008,0.0,-0.021400000000000002,0.021400000000000002,13.8,-0.004,62368.0,0.046400000000000004,0.0,4001.0,60608.0,0.0303,0.4752,0.47600000000000003,0.0,0.037,0.0,-0.032,9.759
57984307,1,0,0.045,-0.058,-0.008,0.007,0.0,-0.0222,0.0222,13.8,-0.0036000000000000003,62368.0,0.046400000000000004,0.0,6796.0,60852.0,0.031400000000000004,0.4748,0.47400000000000003,0.0,0.021,0.0,0.337,9.759
57988511,1,0,0.045,-0.034,-0.006,0.007,0.0,-0.0219,0.0219,13.82,-0.0034000000000000002,62368.0,0.0465,0.0,11000.0,60852.0,0.0309,0.4748,0.47400000000000003,0.0,0.021,0.0,-0.013000000000000001,9.677
57992512,1,0,0.036000000000000004,0.01,-0.01,0.006,0.0,-0.0217,0.0217,13.82,-0.003,62500.0,0.0465,0.0,15001.0,60852.0,0.030600000000000002,0.4748,0.47400000000000003,0.0,0.021,0.0,0.146,9.677
57997292,1,0,0.052000000000000005,-0.076,-0.005,0.005,0.0,-0.020300000000000002,0.020300000000000002,13.82,-0.0026000000000000003,62368.0,0.0432,0.0,0.0,61100.0,0.028800000000000003,0.4738,0.47200000000000003,0.0,-0.002,0.0,0.2,9.677
58001294,1,0,0.051000000000000004,0.001,-0.002,0.005,0.0,-0.0213,0.0213,13.82,-0.0024000000000000002,62368.0,0.0465,0.0,4002.0,60852.0,0.0302,0.4738,0.47200000000000003,0.0,-0.002,0.0,-0.073,9.677
58005346,1,0,0.046,-0.018000000000000002,0.001,0.004,0.0,-0.0195,0.0194,13.82,-0.002,62368.0,0.039900000000000005,0.0,8054.0,61224.0,0.0275,0.4721,0.46900000000000003,0.0,-0.036000000000000004,0.0,0.195,9.677
58010345,1,0,0.062,-0.077,0.015,0.003,0.0,-0.0195,0.0195,13.82,-0.0017000000000000001,62500.0,0.0398,0.0,13053.0,60976.0,0.027600000000000003,0.4721,0.46900000000000003,0.0,-0.036000000000000004,0.0,0.035,9.628
58012511,1,0,0.05,0.007,0.006,0.003,0.0,-0.0195,0.0195,13.82,-0.0015,62500.0,0.0398,0.0,15219.0,60852.0,0.027600000000000003,0.4721,0.46900000000000003,0.0,-0.036000000000000004,0.0,0.07100000000000001,9.628
58016511,1,0,0.068,-0.068,0.017,0.003,0.0,-0.0189,0.0189,13.82,-0.0013000000000000002,62368.0,0.0398,0.0,0.0,61224.0,0.0268,0.47140000000000004,0.47000000000000003,0.0,-0.043000000000000003,0.0,-0.154,9.628
58020511,1,0,0.063,0.031,-0.002,0.002,0.0,-0.0173,0.0173,13.82,-0.0011,62368.0,0.036500000000000005,0.0,4000.0,61100.0,0.0245,0.47140000000000004,0.47000000000000003,0.0,-0.043000000000000003,0.0,-0.09,9.628
58025356,1,0,0.048,-0.03,0.011,0.002,0.0,-0.0181,0.0181,13.82,-0.0007,62240.0,0.0398,0.0,8845.0,60976.0,0.0257,0.47090000000000004,0.47000000000000003,0.0,-0.044,0.0,0.044,9.628
58030318,1,0,0.059000000000000004,-0.084,0.017,0.001,0.0,-0.0175,0.0175,13.84,-0.0005,62368.0,0.0366,0.0,13807.0,60976.0,0.024800000000000003,0.47090000000000004,0.47000000000000003,0.0,-0.044,0.0,-0.067,9.657
58032510,1,0,0.038,-0.017,0.008,0.001,0.0,-0.0179,0.0179,13.84,-0.0004,62368.0,0.0366,0.0,15999.0,60976.0,0.0253,0.47090000000000004,0.47000000000000003,0.0,-0.044,0.0,0.129,9.657
58036511,1,0,0.052000000000000005,-0.05,0.004,0.001,0.0,-0.0189,0.0189,13.84,-0.00030000000000000003,62368.0,0.039900000000000005,0.0,0.0,60976.0,0.0267,0.4713,0.47200000000000003,0.0,-0.028,0.0,-0.061,9.657
58041326,1,0,0.042,0.039,-0.002,0.0,0.0,-0.018500000000000003,0.018500000000000003,13.84,-0.0001,62500.0,0.039900000000000005,0.0,4815.0,61100.0,0.0262,0.4713,0.47200000000000003,0.0,-0.028,0.0,-0.17400000000000002,9.657
58045511,1,0,0.027,-0.046,0.001,0.0,0.0,-0.0175,0.0175,13.84,0.0001,62368.0,0.0366,0.0,9000.0,61100.0,0.0247,0.47190000000000004,0.47300000000000003,0.0,-0.01,0.0,0.069,9.657
58050374,1,0,0.025,-0.056,0.002,0.0,0.0,-0.019700000000000002,0.019700000000000002,13.84,0.0,62240.0,0.0432,0.0,13863.0,61100.0,0.0279,0.47190000000000004,0.47300000000000003,0.0,-0.01,0.0,-0.053,9.739
58052510,1,0,0.005,-0.026000000000000002,0.002,0.0,0.0,-0.0201,0.0201,13.84,0.0001,62500.0,0.0432,0.0,15999.0,61100.0,0.0284,0.47190000000000004,0.47300000000000003,0.0,-0.01,0.0,0.217,9.739
58056511,1,0,0.038,-0.024,0.002,0.0,0.0,-0.0184,0.0184,13.84,0.0,62368.0,0.039900000000000005,0.0,0.0,60728.0,0.026000000000000002,0.4723,0.47300000000000003,0.0,0.0,0.0,-0.036000000000000004,9.739
58062334,1,0,0.031,0.006,-0.007,0.0,0.0,-0.0188,0.0188,13.84,0.0001,62368.0,0.039900000000000005,0.0,5823.0,61100.0,0.0267,0.4723,0.47300000000000003,0.0,0.0,0.0,-0.031,9.739
58064360,1,0,0.022,-0.06,0.004,-0.001,0.0,-0.019200000000000002,0.019200000000000002,13.84,0.0002,62240.0,0.039900000000000005,0.0,7849.0,61100.0,0.027200000000000002,0.47250000000000003,0.47300000000000003,0.0,0.005,0.0,0.108,9.739
58068512,1,0,0.032,0.031,-0.01,-0.001,0.0,-0.0194,0.0194,13.84,0.00030000000000000003,62500.0,0.039900000000000005,0.0,12001.0,61100.0,0.0274,0.47250000000000003,0.47300000000000003,0.0,0.005,0.0,-0.18,9.709
58073390,1,0,0.009000000000000001,0.01,0.0,-0.001,0.0,-0.0204,0.0204,13.86,0.0005,62368.0,0.043300000000000005,0.0,16879.0,61100.0,0.028900000000000002,0.47250000000000003,0.47300000000000003,0.0,0.005,0.0,0.053,9.709
58077510,1,0,0.011,-0.057,0.003,-0.001,0.0,-0.0211,0.0211,13.86,0.0005,62368.0,0.043300000000000005,0.0,0.0,61100.0,0.0298,0.47300000000000003,0.47400000000000003,0.0,0.014,0.0,-0.031,9.709
58081510,1,0,0.013000000000000001,0.041,-0.005,-0.001,0.0,-0.022000000000000002,0.022000000000000002,13.86,0.0004,62500.0,0.0466,0.0,4000.0,60976.0,0.031100000000000003,0.47300000000000003,0.47400000000000003,0.0,0.014,0.0,-0.003,9.709
58086345,1,0,-0.027,-0.008,-0.001,-0.001,0.0,-0.022500000000000003,0.022500000000000003,13.86,0.0006000000000000001,62500.0,0.0466,0.0,8835.0,61348.0,0.031900000000000005,0.47340000000000004,0.47400000000000003,0.0,0.018000000000000002,0.0,0.131,9.709
58088353,1,0,0.013000000000000001,0.042,-0.005,-0.001,0.0,-0.022500000000000003,0.0224,13.86,0.0005,62368.0,0.0466,0.0,10843.0,60976.0,0.0318,0.47340000000000004,0.47400000000000003,0.0,0.018000000000000002,0.0,-0.227,9.801
58092488,1,0,-0.032,-0.042,0.002,-0.001,0.0,-0.0217,0.0217,13.86,0.0006000000000000001,62368.0,0.0466,0.0,14978.0,60976.0,0.0307,0.47340000000000004,0.47400000000000003,0.0,0.018000000000000002,0.0,-0.074,9.801
58097359,1,0,0.007,-0.026000000000000002,0.001,-0.001,0.0,-0.023,0.023,13.86,0.0005,62500.0,0.05,0.0,0.0,61100.0,0.0325,0.4732,0.47300000000000003,0.0,0.012,0.0,-0.48,9.801
58101361,1,0,-0.014,0.036000000000000004,-0.009000000000000001,-0.001,0.0,-0.023200000000000002,0.023200000000000002,13.86,0.0004,62500.0,0.05,0.0,4002.0,61100.0,0.0328,0.4732,0.47300000000000003,0.0,0.012,0.0,-0.12,9.801
58105410,1,0,-0.034,-0.035,0.005,-0.001,0.0,-0.0238,0.0238,13.86,0.00030000000000000003,62500.0,0.05,0.0,8051.0,61224.0,0.033600000000000005,0.4728,0.47200000000000003,0.0,0.001,0.0,0.111,9.801
58110409,1,0,0.007,0.006,-0.001,0.0,0.0,-0.0245,0.0245,13.86,0.0002,62632.0,0.0533,0.0,13050.0,60976.0,0.0346,0.4728,0.47200000000000003,0.0,0.001,0.0,-0.23800000000000002,9.708
58112510,1,0,-0.04,-0.018000000000000002,0.006,0.0,0.0,-0.024900000000000002,0.024900000000000002,13.86,0.0002,62368.0,0.0533,0.0,15151.0,61100.0,0.0352,0.4728,0.47200000000000003,0.0,0.001,0.0,0.03,9.708
58116510,1,0,0.01,0.026000000000000002,-0.003,0.0,0.0,-0.0252,0.0252,13.86,0.0001,62500.0,0.0533,0.0,0.0,61100.0,0.0356,0.4722,0.47100000000000003,0.0,-0.012,0.0,-0.43,9.708
58121376,1,0,-0.028,0.04,0.003,0.0,0.0,-0.0268,0.0268,13.89,-0.0001,62500.0,0.0567,0.0,4866.0,61348.0,0.0379,0.4722,0.47100000000000003,0.0,-0.012,0.0,-0.054,9.708
58126376,1,0,-0.064,0.007,0.004,0.0,0.0,-0.027100000000000003,0.027100000000000003,13.89,-0.0002,62368.0,0.0567,0.0,9866.0,61224.0,0.0383,0.4721,0.47200000000000003,0.0,-0.011,0.0,-0.025,9.708
58128379,1,0,-0.031,0.047,0.002,0.001,0.0,-0.028300000000000002,0.028200000000000003,13.89,-0.0004,62368.0,0.0601,0.0,11869.0,61348.0,0.04,0.4721,0.47200000000000003,0.0,-0.011,0.0,-0.123,9.708
58132510,1,0,-0.062,0.006,0.004,0.001,0.0,-0.028900000000000002,0.028900000000000002,13.88,-0.0005,62632.0,0.0601,0.0,16000.0,61348.0,0.0408,0.4721,0.47200000000000003,0.0,-0.011,0.0,-0.01,9.649000000000001
58136510,1,0,-0.003,0.046,-0.002,0.001,0.0,-0.029300000000000003,0.029300000000000003,13.88,-0.0007,62500.0,0.0634,0.0,0.0,61100.0,0.0415,0.47240000000000004,0.47300000000000003,0.0,-0.003,0.0,-0.223,9.649000000000001
58141388,1,0,-0.065,0.045,-0.007,0.002,0.0,-0.0308,0.0308,13.88,-0.0009000000000000001,62368.0,0.06670000000000001,0.0,4878.0,60976.0,0.043500000000000004,0.47240000000000004,0.47300000000000003,0.0,-0.003,0.0,-0.038,9.649000000000001
58145438,1,0,-0.046,0.034,0.007,0.002,0.0,-0.031100000000000003,0.031100000000000003,13.88,-0.0011,62368.0,0.06670000000000001,0.0,8928.0,61224.0,0.0439,0.4726,0.47300000000000003,0.0,0.002,0.0,-0.18,9.649000000000001
58150440,1,0,-0.002,0.056,0.004,0.003,0.0,-0.0317,0.0316,13.89,-0.0014,62632.0,0.06670000000000001,0.0,13930.0,61224.0,0.0448,0.4726,0.47300000000000003,0.0,0.002,0.0,-0.198,9.744
58152509,1,0,-0.056,0.042,0.004,0.003,0.0,-0.0322,0.0322,13.89,-0.0016,62500.0,0.06670000000000001,0.0,15999.0,61224.0,0.0455,0.4726,0.47300000000000003,0.0,0.002,0.0,0.057,9.744
58157403,1,0,0.007,0.06,-0.004,0.004,0.0,-0.0323,0.0323,13.89,-0.0019,62500.0,0.07010000000000001,0.0,0.0,61224.0,0.0456,0.4728,0.47300000000000003,0.0,0.004,0.0,-0.222,9.744
58162401,1,0,-0.002,0.055,0.001,0.004,0.0,-0.0318,0.0317,13.91,-0.0021000000000000003,62368.0,0.0668,0.0,4998.0,61476.0,0.0449,0.4728,0.47300000000000003,0.0,0.004,0.0,-0.003,9.744
58164427,1,0,0.014,0.075,0.001,0.005,0.0,-0.0335,0.0334,13.91,-0.0022,62632.0,0.0702,0.0,7024.0,61224.0,0.0473,0.4728,0.47300000000000003,0.0,0.005,0.0,-0.25,9.744
58168510,1,0,-0.038,0.05,0.005,0.005,0.0,-0.034800000000000005,0.034800000000000005,13.91,-0.0025,62500.0,0.07350000000000001,0.0,11107.0,60976.0,0.0492,0.4728,0.47300000000000003,0.0,0.005,0.0,0.029,9.744
58173409,1,0,-0.066,0.059000000000000004,0.005,0.006,0.0,-0.0341,0.0341,13.91,-0.0027,62368.0,0.07350000000000001,0.0,16006.0,61224.0,0.0482,0.4728,0.47300000000000003,0.0,0.005,0.0,0.037,9.657
58177510,1,0,0.052000000000000005,0.08700000000000001,-0.005,0.006,0.0,-0.035300000000000005,0.035300000000000005,13.91,-0.0028,62500.0,0.07350000000000001,0.0,0.0,61100.0,0.0499,0.47290000000000004,0.47300000000000003,0.0,0.005,0.0,-0.064,9.657
58181510,1,0,-0.067,0.035,0.001,0.006,0.0,-0.0346,0.0346,13.91,-0.0031000000000000003,62500.0,0.07350000000000001,0.0,4000.0,61100.0,0.0489,0.47290000000000004,0.47300000000000003,0.0,0.005,0.0,0.193,9.657
58184438,1,0,0.039,0.083,0.0,0.007,0.0,-0.0357,0.0357,13.91,-0.0032,62500.0,0.07680000000000001,0.0,6928.0,61224.0,0.0504,0.4747,0.47800000000000004,0.0,0.04,0.0,-0.076,9.657
58188690,1,0,-0.059000000000000004,0.02,0.0,0.007,0.0,-0.0342,0.0342,13.91,-0.0034000000000000002,62500.0,0.07350000000000001,0.0,11180.0,61224.0,0.048400000000000006,0.4747,0.47800000000000004,0.0,0.04,0.0,0.027,9.657
58193425,1,0,-0.019,0.056,-0.002,0.007,0.0,-0.034300000000000004,0.034300000000000004,13.91,-0.0036000000000000003,62500.0,0.07350000000000001,0.0,15915.0,61224.0,0.048600000000000004,0.4747,0.47800000000000004,0.0,0.04,0.0,-0.105,9.686
58197509,1,0,-0.006,0.038,0.0,0.008,0.0,-0.0342,0.0342,13.91,-0.0037,62500.0,0.07350000000000001,0.0,0.0,61348.0,0.0483,0.4776,0.48300000000000004,0.0,0.09,0.0,0.032,9.686
58201509,1,0,-0.022,0.019,0.001,0.008,0.0,-0.0349,0.0349,13.91,-0.0039000000000000003,62632.0,0.07350000000000001,0.0,4000.0,61476.0,0.049300000000000004,0.4776,0.48300000000000004,0.0,0.09,0.0,0.037,9.686
58206437,1,0,-0.022,0.047,0.007,0.009000000000000001,0.0,-0.0335,0.0334,13.93,-0.0041,62760.0,0.0703,0.0,8928.0,61348.0,0.0473,0.47950000000000004,0.48300000000000004,0.0,0.11,0.0,0.052000000000000005,9.686
58208534,1,0,-0.026000000000000002,0.001,0.013000000000000001,0.009000000000000001,0.0,-0.0351,0.0351,13.93,-0.004200000000000001,62500.0,0.0736,0.0,11025.0,61348.0,0.0497,0.47950000000000004,0.48300000000000004,0.0,0.11,0.0,0.052000000000000005,9.686
58213509,1,0,-0.028,0.038,0.003,0.009000000000000001,0.0,-0.035,0.035,13.93,-0.0045000000000000005,62500.0,0.0736,0.0,16000.0,61348.0,0.049600000000000005,0.47950000000000004,0.48300000000000004,0.0,0.11,0.0,0.023,9.643
58216437,1,0,-0.006,-0.003,0.003,0.009000000000000001,0.0,-0.0345,0.0345,13.93,-0.0046,62500.0,0.0736,0.0,0.0,61348.0,0.0488,0.48040000000000005,0.48200000000000004,0.0,0.106,0.0,0.099,9.643
58220574,1,0,-0.035,0.038,0.01,0.01,0.0,-0.0361,0.036000000000000004,13.93,-0.0048000000000000004,62500.0,0.077,0.0,4137.0,61100.0,0.051000000000000004,0.48040000000000005,0.48200000000000004,0.0,0.106,0.0,-0.046,9.643
58225494,1,0,-0.028,0.066,-0.002,0.01,0.0,-0.0368,0.0368,13.93,-0.005,62368.0,0.077,0.0,9057.0,61224.0,0.052000000000000005,0.4806,0.48100000000000004,0.0,0.089,0.0,-0.048,9.643
58229510,1,0,-0.036000000000000004,-0.022,0.0,0.011,0.0,-0.0363,0.0363,13.93,-0.005200000000000001,62632.0,0.077,0.0,13073.0,61224.0,0.0514,0.4806,0.48100000000000004,0.0,0.089,0.0,-0.043000000000000003,9.643
58232448,1,0,-0.035,0.08,-0.008,0.011,0.0,-0.0371,0.0371,13.93,-0.0053,62500.0,0.08030000000000001,0.0,16011.0,61224.0,0.052500000000000005,0.4806,0.48100000000000004,0.0,0.089,0.0,-0.07100000000000001,9.67
58236509,1,0,-0.041,-0.024,0.001,0.011,0.0,-0.037000000000000005,0.0369,13.93,-0.0055000000000000005,62760.0,0.08030000000000001,0.0,0.0,61348.0,0.0523,0.48000000000000004,0.47900000000000004,0.0,0.06,0.0,0.005,9.67
58241458,1,0,-0.032,0.007,-0.003,0.012,0.0,-0.0359,0.0359,13.93,-0.0058000000000000005,62500.0,0.077,0.0,4949.0,61348.0,0.050800000000000005,0.48000000000000004,0.47900000000000004,0.0,0.06,0.0,-0.088,9.67
58245512,1,0,-0.044,0.058,-0.013000000000000001,0.013000000000000001,0.0,-0.0369,0.0368,13.93,-0.006,62632.0,0.077,0.0,9003.0,61100.0,0.0521,0.4797,0.47900000000000004,0.0,0.041,0.0,0.073,9.67
58248457,1,0,-0.024,-0.008,0.002,0.013000000000000001,0.0,-0.0363,0.0363,13.950000000000001,-0.006200000000000001,62500.0,0.0771,0.0,11948.0,61348.0,0.051300000000000005,0.4797,0.47900000000000004,0.0,0.041,0.0,-0.074,9.67
58252594,1,0,-0.033,0.067,-0.021,0.013000000000000001,0.0,-0.0363,0.0362,13.950000000000001,-0.006200000000000001,62632.0,0.0771,0.0,16085.0,61224.0,0.051300000000000005,0.4797,0.47900000000000004,0.0,0.041,0.0,-0.028,9.67
58258463,1,0,-0.018000000000000002,0.027,0.007,0.013000000000000001,0.0,-0.0345,0.0345,13.950000000000001,-0.0063,62632.0,0.0737,0.0,0.0,61476.0,0.0488,0.4791,0.47800000000000004,0.0,0.021,0.0,0.122,9.682
58260517,1,0,-0.024,0.056,-0.004,0.013000000000000001,0.0,-0.035500000000000004,0.0354,13.950000000000001,-0.0064,62632.0,0.0771,0.0,2054.0,61348.0,0.050100000000000006,0.4791,0.47800000000000004,0.0,0.021,0.0,-0.064,9.682
58265525,1,0,-0.009000000000000001,0.035,0.001,0.013000000000000001,0.0,-0.0346,0.0345,13.950000000000001,-0.0064,62632.0,0.0737,0.0,7062.0,61476.0,0.0489,0.47840000000000005,0.47700000000000004,0.0,0.002,0.0,0.094,9.682
58268479,1,0,-0.01,-0.017,0.007,0.014,0.0,-0.0341,0.0341,13.950000000000001,-0.0066,62760.0,0.0737,0.0,10016.0,61476.0,0.0483,0.47840000000000005,0.47700000000000004,0.0,0.002,0.0,-0.10200000000000001,9.682
58272682,1,0,-0.025,0.06,0.015,0.014,0.0,-0.0366,0.0366,13.950000000000001,-0.0066,62632.0,0.0771,0.0,14219.0,61224.0,0.0517,0.47840000000000005,0.47700000000000004,0.0,0.002,0.0,0.079,9.682
58278485,1,0,-0.018000000000000002,0.003,0.006,0.013000000000000001,0.0,-0.0327,0.032600000000000004,13.950000000000001,-0.006500000000000001,62632.0,0.0704,0.0,0.0,61348.0,0.046200000000000005,0.4772,0.47500000000000003,0.0,-0.022,0.0,0.23800000000000002,9.633000000000001
58280534,1,0,-0.021,0.068,0.0,0.014,0.0,-0.0345,0.0344,13.950000000000001,-0.0066,62500.0,0.0737,0.0,2049.0,61348.0,0.0487,0.4772,0.47500000000000003,0.0,-0.022,0.0,0.008,9.633000000000001
58286489,1,0,-0.02,0.049,0.0,0.014,0.0,-0.032,0.032,13.950000000000001,-0.0066,62632.0,0.067,0.0,8004.0,61100.0,0.045200000000000004,0.4771,0.47700000000000004,0.0,-0.019,0.0,0.038,9.633000000000001
58288493,1,0,0.013000000000000001,-0.006,0.007,0.014,0.0,-0.031100000000000003,0.031100000000000003,13.97,-0.0067,62632.0,0.0671,0.0,10008.0,61476.0,0.044000000000000004,0.4771,0.47700000000000004,0.0,-0.019,0.0,-0.154,9.633000000000001
58293501,1,0,-0.013000000000000001,0.067,-0.02,0.014,0.0,-0.0325,0.0325,13.97,-0.0066,62632.0,0.07050000000000001,0.0,15016.0,61224.0,0.046,0.4771,0.47700000000000004,0.0,-0.019,0.0,0.01,9.633000000000001
58298451,1,0,0.013000000000000001,-0.028,-0.005,0.013000000000000001,0.0,-0.028800000000000003,0.0287,13.97,-0.0063,62760.0,0.0604,0.0,0.0,61224.0,0.0407,0.47740000000000005,0.47800000000000004,0.0,-0.009000000000000001,0.0,0.162,9.657
58300548,1,0,0.003,0.052000000000000005,-0.016,0.013000000000000001,0.0,-0.0292,0.0292,13.97,-0.0064,62760.0,0.06380000000000001,0.0,2097.0,61728.0,0.0413,0.47740000000000005,0.47800000000000004,0.0,-0.009000000000000001,0.0,-0.035,9.657
58305552,1,0,0.016,-0.006,-0.009000000000000001,0.013000000000000001,0.0,-0.030000000000000002,0.030000000000000002,13.97,-0.0061,62500.0,0.06380000000000001,0.0,7101.0,61224.0,0.0424,0.47690000000000005,0.47600000000000003,0.0,-0.017,0.0,0.022,9.657
58308506,1,0,0.031,-0.008,-0.011,0.013000000000000001,0.0,-0.027800000000000002,0.027700000000000002,13.97,-0.0061,62760.0,0.0604,0.0,10055.0,61224.0,0.0392,0.47690000000000005,0.47600000000000003,0.0,-0.017,0.0,-0.328,9.657
58313510,1,0,0.024,0.048,-0.01,0.012,0.0,-0.0286,0.0286,13.97,-0.0059,62760.0,0.0604,0.0,15059.0,61476.0,0.040400000000000005,0.47690000000000005,0.47600000000000003,0.0,-0.017,0.0,-0.14400000000000002,9.657
58318515,1,0,0.026000000000000002,-0.05,0.002,0.012,0.0,-0.027600000000000003,0.027600000000000003,13.97,-0.0057,62760.0,0.0604,0.0,0.0,61348.0,0.039,0.47590000000000005,0.47400000000000003,0.0,-0.034,0.0,0.023,9.701
58320561,1,0,0.034,0.029,0.0,0.012,0.0,-0.026500000000000003,0.026500000000000003,13.97,-0.0057,62632.0,0.057100000000000005,0.0,2046.0,61476.0,0.0374,0.47590000000000005,0.47400000000000003,0.0,-0.034,0.0,-0.264,9.701
58325565,1,0,0.021,-0.02,0.009000000000000001,0.011,0.0,-0.028200000000000003,0.028200000000000003,13.97,-0.0054,62632.0,0.0604,0.0,7050.0,61224.0,0.039900000000000005,0.4756,0.47500000000000003,0.0,-0.034,0.0,-0.189,9.701
58328523,1,0,0.046,0.002,0.008,0.011,0.0,-0.027600000000000003,0.027600000000000003,13.97,-0.0054,62632.0,0.0604,0.0,10008.0,61224.0,0.039,0.4756,0.47500000000000003,0.0,-0.034,0.0,-0.579,9.701
58333521,1,0,0.03,0.0,0.0,0.01,0.0,-0.0229,0.0229,13.99,-0.005,62760.0,0.0504,0.0,15006.0,61348.0,0.0323,0.4756,0.47500000000000003,0.0,-0.034,0.0,-0.294,9.701
58338526,1,0,0.038,-0.045,0.014,0.01,0.0,-0.0253,0.0253,13.99,-0.0047,62760.0,0.0538,0.0,0.0,61476.0,0.0357,0.47540000000000004,0.47500000000000003,0.0,-0.031,0.0,-0.041,9.675
58340570,1,0,0.031,0.027,0.003,0.01,0.0,-0.0258,0.0258,13.99,-0.0048000000000000004,62632.0,0.0538,0.0,2044.0,61348.0,0.0364,0.47540000000000004,0.47500000000000003,0.0,-0.031,0.0,-0.17200000000000001,9.675
58345579,1,0,0.019,-0.07100000000000001,0.004,0.009000000000000001,0.0,-0.0228,0.0228,13.99,-0.0045000000000000005,62632.0,0.0471,0.0,7053.0,61224.0,0.0322,0.4756,0.47600000000000003,0.0,-0.02,0.0,0.229,9.675
58348667,1,0,0.053,-0.014,-0.002,0.009000000000000001,0.0,-0.0227,0.0227,13.99,-0.0045000000000000005,62632.0,0.0471,0.0,10141.0,61476.0,0.032100000000000004,0.4756,0.47600000000000003,0.0,-0.02,0.0,-0.248,9.675
58353537,1,0,0.007,-0.01,-0.014,0.009000000000000001,0.0,-0.024800000000000003,0.024800000000000003,13.99,-0.0043,62892.0,0.0538,0.0,15011.0,61348.0,0.035,0.4756,0.47600000000000003,0.0,-0.02,0.0,-0.146,9.675
58358539,1,0,0.016,-0.097,0.003,0.008,0.0,-0.020200000000000003,0.020200000000000003,13.99,-0.004,62760.0,0.0437,0.0,0.0,61100.0,0.0285,0.4761,0.47700000000000004,0.0,-0.007,0.0,-0.048,9.731
58360588,1,0,0.0,-0.028,-0.012,0.008,0.0,-0.0219,0.0219,13.99,-0.004,62760.0,0.0471,0.0,2049.0,61348.0,0.031,0.4761,0.47700000000000004,0.0,-0.007,0.0,-0.21,9.731
58365593,1,0,0.011,-0.047,0.0,0.008,0.0,-0.0244,0.0244,13.99,-0.0038,62760.0,0.0538,0.0,7054.0,61348.0,0.0344,0.4768,0.47800000000000004,0.0,0.008,0.0,0.134,9.731
58368545,1,0,0.052000000000000005,-0.008,-0.015,0.008,0.0,-0.022500000000000003,0.022500000000000003,13.99,-0.0038,62760.0,0.0471,0.0,10006.0,61476.0,0.0318,0.4768,0.47800000000000004,0.0,0.008,0.0,-0.215,9.731
58372680,1,0,0.015,-0.064,0.002,0.007,0.0,-0.0199,0.0199,13.99,-0.0034000000000000002,62760.0,0.0437,0.0,14141.0,61348.0,0.0281,0.4768,0.47800000000000004,0.0,0.008,0.0,0.139,9.731
58375599,1,0,0.041,-0.033,-0.003,0.007,0.0,-0.0212,0.0212,13.99,-0.0032,62760.0,0.0437,0.0,0.0,61348.0,0.029900000000000003,0.4772,0.47800000000000004,0.0,0.015,0.0,-0.229,9.685
58380747,1,0,0.033,-0.002,-0.011,0.006,0.0,-0.0216,0.021500000000000002,14.02,-0.0028,62632.0,0.0472,0.0,5148.0,61476.0,0.030500000000000003,0.4772,0.47800000000000004,0.0,0.015,0.0,-0.002,9.685
58385605,1,0,0.013000000000000001,-0.054,-0.001,0.005,0.0,-0.0212,0.0212,14.02,-0.0024000000000000002,62892.0,0.0438,0.0,10006.0,61224.0,0.029900000000000003,0.47750000000000004,0.47800000000000004,0.0,0.018000000000000002,0.0,0.275,9.685
58388556,1,0,0.034,-0.036000000000000004,0.0,0.005,0.0,-0.0198,0.0198,14.02,-0.0023,62632.0,0.0438,0.0,12957.0,61600.0,0.028,0.47750000000000004,0.47800000000000004,0.0,0.018000000000000002,0.0,-0.061,9.685
58393566,1,0,0.025,-0.033,-0.006,0.004,0.0,-0.018000000000000002,0.018000000000000002,14.02,-0.0018000000000000002,62760.0,0.0371,0.0,17967.0,61348.0,0.025400000000000002,0.47750000000000004,0.47800000000000004,0.0,0.018000000000000002,0.0,0.328,9.685
58395625,1,0,0.063,-0.013000000000000001,0.0,0.004,0.0,-0.019700000000000002,0.019700000000000002,14.02,-0.0017000000000000001,62760.0,0.0438,0.0,0.0,61224.0,0.027800000000000002,0.4777,0.47800000000000004,0.0,0.018000000000000002,0.0,0.016,9.667
58400615,1,0,0.051000000000000004,-0.021,0.003,0.003,0.0,-0.0182,0.0182,14.02,-0.0014,62632.0,0.040400000000000005,0.0,4990.0,61476.0,0.0257,0.4777,0.47800000000000004,0.0,0.018000000000000002,0.0,0.231,9.667
58405619,1,0,0.043000000000000003,-0.076,0.006,0.002,0.0,-0.0148,0.0148,14.02,-0.001,62760.0,0.0303,0.0,9994.0,61600.0,0.021,0.4767,0.47500000000000003,0.0,-0.004,0.0,0.041,9.667
58408569,1,0,0.101,-0.052000000000000005,-0.004,0.001,0.0,-0.013800000000000002,0.0137,14.02,-0.0007,62892.0,0.0303,0.0,12944.0,61600.0,0.0194,0.4767,0.47500000000000003,0.0,-0.004,0.0,-0.303,9.667
58412706,1,0,0.056,-0.059000000000000004,0.012,0.001,0.0,-0.0152,0.0152,14.02,-0.00030000000000000003,62760.0,0.0337,0.0,17081.0,61600.0,0.021500000000000002,0.4767,0.47500000000000003,0.0,-0.004,0.0,0.033,9.667
58415625,1,0,0.107,-0.023,0.002,0.0,0.0,-0.017400000000000002,0.017400000000000002,14.02,0.0,62760.0,0.0371,0.0,0.0,61348.0,0.0246,0.4747,0.47100000000000003,0.0,-0.044,0.0,-0.314,9.676
58420628,1,0,0.052000000000000005,-0.029,0.004,-0.001,0.0,-0.0166,0.0166,14.02,0.0004,62760.0,0.0371,0.0,5003.0,61348.0,0.0235,0.4747,0.47100000000000003,0.0,-0.044,0.0,0.093,9.676
58425631,1,0,0.041,-0.07200000000000001,0.003,-0.002,0.0,-0.013000000000000001,0.013000000000000001,14.040000000000001,0.0009000000000000001,62760.0,0.027,0.0,10006.0,61600.0,0.0183,0.4727,0.46900000000000003,0.0,-0.075,0.0,0.007,9.676
58428591,1,0,0.08,-0.047,0.002,-0.002,0.0,-0.0128,0.0128,14.040000000000001,0.0012000000000000001,62892.0,0.027,0.0,12966.0,61600.0,0.0181,0.4727,0.46900000000000003,0.0,-0.075,0.0,-0.262,9.676
58433591,1,0,0.027,-0.051000000000000004,0.001,-0.003,0.0,-0.0143,0.0143,14.040000000000001,0.0015,62632.0,0.0304,0.0,17966.0,61476.0,0.020300000000000002,0.4727,0.46900000000000003,0.0,-0.075,0.0,-0.054,9.676
58435639,1,0,0.079,-0.025,0.003,-0.003,0.0,-0.015000000000000001,0.015000000000000001,14.040000000000001,0.0016,62892.0,0.0337,0.0,0.0,61348.0,0.0212,0.4707,0.467,0.0,-0.1,0.0,-0.317,9.725
58440641,1,0,0.023,-0.026000000000000002,-0.001,-0.004,0.0,-0.0162,0.0162,14.040000000000001,0.0017000000000000001,62760.0,0.0337,0.0,5002.0,61600.0,0.0229,0.4707,0.467,0.0,-0.1,0.0,0.033,9.725
58445600,1,0,0.037,-0.044,0.004,-0.004,0.0,-0.012700000000000001,0.012700000000000001,14.040000000000001,0.0019,62892.0,0.027,0.0,9961.0,61476.0,0.018000000000000002,0.47050000000000003,0.47000000000000003,0.0,-0.085,0.0,0.08700000000000001,9.725
58447601,1,0,0.039,-0.053,0.006,-0.004,0.0,-0.012,0.012,14.040000000000001,0.002,62632.0,0.027,0.0,11962.0,61600.0,0.016900000000000002,0.47050000000000003,0.47000000000000003,0.0,-0.085,0.0,0.073,9.725
58452603,1,0,0.022,-0.062,0.005,-0.005,0.0,-0.0126,0.0126,14.040000000000001,0.0023,62892.0,0.027,0.0,16964.0,61600.0,0.0178,0.47050000000000003,0.47000000000000003,0.0,-0.085,0.0,-0.019,9.725
58457607,1,0,0.06,-0.018000000000000002,-0.007,-0.005,0.0,-0.0161,0.0161,14.040000000000001,0.0026000000000000003,62760.0,0.0337,0.0,0.0,61476.0,0.0228,0.47140000000000004,0.47300000000000003,0.0,-0.05,0.0,-0.222,9.682
58459608,1,0,0.004,-0.039,-0.003,-0.005,0.0,-0.0167,0.0167,14.040000000000001,0.0026000000000000003,62760.0,0.0371,0.0,2001.0,61728.0,0.0236,0.47140000000000004,0.47300000000000003,0.0,-0.05,0.0,0.017,9.682
58463609,1,0,0.051000000000000004,-0.013000000000000001,-0.006,-0.006,0.0,-0.016900000000000002,0.016900000000000002,14.040000000000001,0.0028,62892.0,0.0371,0.0,6002.0,61728.0,0.0238,0.47140000000000004,0.47300000000000003,0.0,-0.05,0.0,-0.163,9.682
58468614,1,0,0.019,-0.059000000000000004,-0.01,-0.006,0.0,-0.0146,0.0146,14.040000000000001,0.0031000000000000003,62760.0,0.0304,0.0,11007.0,61348.0,0.0207,0.47190000000000004,0.47300000000000003,0.0,-0.029,0.0,0.05,9.682
58472679,1,0,-0.029,-0.06,-0.004,-0.007,0.0,-0.0162,0.0162,14.06,0.0033,62760.0,0.033800000000000004,0.0,15072.0,61476.0,0.0229,0.47190000000000004,0.47300000000000003,0.0,-0.029,0.0,0.10300000000000001,9.682
58477612,1,0,0.02,0.006,-0.006,-0.007,0.0,-0.0189,0.0189,14.06,0.0034000000000000002,62760.0,0.040600000000000004,0.0,0.0,61600.0,0.0267,0.4706,0.468,0.0,-0.05,0.0,-0.006,9.682
58479622,1,0,-0.048,-0.031,-0.003,-0.007,0.0,-0.0198,0.0198,14.06,0.0034000000000000002,62632.0,0.0439,0.0,2010.0,61856.0,0.028,0.4706,0.468,0.0,-0.05,0.0,0.181,9.609
58483628,1,0,0.022,0.006,-0.01,-0.007,0.0,-0.0189,0.0189,14.06,0.0034000000000000002,62632.0,0.040600000000000004,0.0,6016.0,61600.0,0.0268,0.4706,0.468,0.0,-0.05,0.0,0.001,9.609
58488627,1,0,-0.021,-0.062,0.009000000000000001,-0.007,0.0,-0.016800000000000002,0.016800000000000002,14.06,0.0034000000000000002,62760.0,0.037200000000000004,0.0,11015.0,61476.0,0.0238,0.46830000000000005,0.464,0.0,-0.08600000000000001,0.0,0.135,9.609
58493634,1,0,-0.044,-0.065,0.011,-0.007,0.0,-0.016800000000000002,0.016800000000000002,14.06,0.0035,62892.0,0.037200000000000004,0.0,16022.0,61600.0,0.0238,0.46830000000000005,0.464,0.0,-0.08600000000000001,0.0,0.176,9.609
58495681,1,0,-0.009000000000000001,-0.051000000000000004,0.005,-0.007,0.0,-0.018000000000000002,0.018000000000000002,14.06,0.0035,63024.0,0.037200000000000004,0.0,0.0,61600.0,0.025400000000000002,0.4675,0.466,0.0,-0.085,0.0,0.116,9.609
58500679,1,0,-0.047,-0.035,0.013000000000000001,-0.007,0.0,-0.0213,0.0213,14.06,0.0035,62632.0,0.0473,0.0,4998.0,61600.0,0.030100000000000002,0.4675,0.466,0.0,-0.085,0.0,0.138,9.651
58503637,1,0,0.002,0.031,0.001,-0.007,0.0,-0.0228,0.0227,14.06,0.0035,62760.0,0.0473,0.0,7956.0,61728.0,0.0322,0.4675,0.466,0.0,-0.085,0.0,0.022,9.651
58508761,1,0,-0.023,-0.046,0.004,-0.007,0.0,-0.0199,0.0199,14.06,0.0035,62632.0,0.0439,0.0,13080.0,61728.0,0.0281,0.468,0.46900000000000003,0.0,-0.057,0.0,0.131,9.651
58511649,1,0,0.006,0.034,-0.004,-0.007,0.0,-0.0188,0.0188,14.06,0.0034000000000000002,62760.0,0.0405,0.0,15968.0,61728.0,0.026600000000000002,0.468,0.46900000000000003,0.0,-0.057,0.0,0.011,9.651
58517644,1,0,-0.006,0.039,-0.006,-0.007,0.0,-0.0217,0.0217,14.08,0.0035,62760.0,0.047400000000000005,0.0,0.0,61728.0,0.0307,0.46840000000000004,0.46900000000000003,0.0,-0.039,0.0,0.007,9.651
58519651,1,0,-0.016,0.026000000000000002,-0.004,-0.007,0.0,-0.0227,0.0227,14.08,0.0034000000000000002,62892.0,0.047400000000000005,0.0,2007.0,61728.0,0.032100000000000004,0.46840000000000004,0.46900000000000003,0.0,-0.039,0.0,0.054,9.651
58525555,1,0,-0.007,0.08600000000000001,-0.006,-0.007,0.0,-0.0247,0.0247,14.08,0.0034000000000000002,62632.0,0.0541,0.0,7911.0,61728.0,0.0349,0.4696,0.47200000000000003,0.0,-0.005,0.0,0.029,9.679
58527654,1,0,-0.023,-0.003,0.008,-0.007,0.0,-0.0251,0.0251,14.08,0.0032,62892.0,0.0541,0.0,10010.0,61856.0,0.035500000000000004,0.4696,0.47200000000000003,0.0,-0.005,0.0,0.129,9.679
58531655,1,0,-0.011,0.065,-0.006,-0.007,0.0,-0.0219,0.0219,14.08,0.0032,62760.0,0.047400000000000005,0.0,14011.0,61984.0,0.0309,0.4696,0.47200000000000003,0.0,-0.005,0.0,0.025,9.679
58535742,1,0,-0.005,-0.036000000000000004,0.01,-0.007,0.0,-0.022000000000000002,0.022000000000000002,14.08,0.0031000000000000003,62892.0,0.047400000000000005,0.0,0.0,61728.0,0.031100000000000003,0.4712,0.47400000000000003,0.0,0.026000000000000002,0.0,0.081,9.679
58540729,1,0,-0.013000000000000001,0.018000000000000002,0.015,-0.006,0.0,-0.024300000000000002,0.024300000000000002,14.08,0.0029000000000000002,62892.0,0.050800000000000005,0.0,4987.0,61856.0,0.0344,0.4712,0.47400000000000003,0.0,0.026000000000000002,0.0,0.047,9.679
58543668,1,0,0.017,0.054,0.012,-0.006,0.0,-0.0256,0.0256,14.08,0.0029000000000000002,62892.0,0.0541,0.0,7926.0,61728.0,0.0362,0.4712,0.47400000000000003,0.0,0.026000000000000002,0.0,-0.033,9.67
58548664,1,0,0.001,-0.003,0.011,-0.005,0.0,-0.026600000000000002,0.026600000000000002,14.08,0.0025,62632.0,0.0575,0.0,12922.0,61728.0,0.0376,0.4718,0.47300000000000003,0.0,0.034,0.0,0.019,9.67
58553679,1,0,-0.022,0.035,0.005,-0.005,0.0,-0.0245,0.0245,14.08,0.0022,62760.0,0.0541,0.0,17937.0,61984.0,0.0347,0.4718,0.47300000000000003,0.0,0.034,0.0,-0.044,9.67
58555754,1,0,0.009000000000000001,-0.033,0.012,-0.005,0.0,-0.0244,0.0244,14.08,0.0023,62760.0,0.0541,0.0,0.0,61856.0,0.0345,0.4722,0.47300000000000003,0.0,0.035,0.0,-0.038,9.67
58560752,1,0,-0.014,0.024,-0.001,-0.004,0.0,-0.025900000000000003,0.025900000000000003,14.08,0.0021000000000000003,62632.0,0.0541,0.0,4998.0,61476.0,0.0366,0.4722,0.47300000000000003,0.0,0.035,0.0,-0.085,9.67
58563678,1,0,0.027,0.051000000000000004,0.002,-0.004,0.0,-0.0284,0.0284,14.08,0.0021000000000000003,62760.0,0.0609,0.0,7924.0,61856.0,0.0402,0.4722,0.47300000000000003,0.0,0.035,0.0,-0.075,9.627
58568678,1,0,-0.003,0.003,0.005,-0.004,0.0,-0.0302,0.0302,14.08,0.0019,62760.0,0.06430000000000001,0.0,12924.0,61600.0,0.0427,0.47250000000000003,0.47300000000000003,0.0,0.034,0.0,-0.085,9.627
58573678,1,0,-0.009000000000000001,0.12,-0.019,-0.004,0.0,-0.028900000000000002,0.028800000000000003,14.08,0.0017000000000000001,62892.0,0.0609,0.0,17924.0,61728.0,0.0408,0.47250000000000003,0.47300000000000003,0.0,0.034,0.0,-0.099,9.627
58575766,1,0,0.008,-0.014,-0.003,-0.003,0.0,-0.027800000000000002,0.027800000000000002,14.08,0.0017000000000000001,62760.0,0.0609,0.0,0.0,61600.0,0.0393,0.4727,0.47300000000000003,0.0,0.031,0.0,-0.012,9.627
58580769,1,0,-0.015,0.038,0.0,-0.003,0.0,-0.027800000000000002,0.027800000000000002,14.08,0.0014,62892.0,0.0609,0.0,5003.0,61600.0,0.0393,0.4727,0.47300000000000003,0.0,0.031,0.0,-0.093,9.627
58583679,1,0,0.001,0.031,0.001,-0.003,0.0,-0.030100000000000002,0.030100000000000002,14.08,0.0013000000000000002,63024.0,0.06430000000000001,0.0,7913.0,61984.0,0.0426,0.4727,0.47300000000000003,0.0,0.031,0.0,0.02,9.652000000000001
58588681,1,0,0.003,-0.004,0.005,-0.002,0.0,-0.029900000000000003,0.0298,14.08,0.001,62632.0,0.06430000000000001,0.0,12915.0,61600.0,0.0422,0.4728,0.47300000000000003,0.0,0.027,0.0,-0.048,9.652000000000001
58593554,1,0,-0.012,0.108,-0.005,-0.002,0.0,-0.0308,0.0308,14.08,0.0008,62892.0,0.06770000000000001,0.0,17788.0,61856.0,0.0436,0.4728,0.47300000000000003,0.0,0.027,0.0,-0.11800000000000001,9.652000000000001
58595783,1,0,-0.005,-0.008,0.003,-0.002,0.0,-0.031100000000000003,0.031100000000000003,14.08,0.0008,62760.0,0.06770000000000001,0.0,0.0,61728.0,0.0439,0.4732,0.47400000000000003,0.0,0.03,0.0,-0.077,9.652000000000001
58600551,1,0,-0.016,0.07,-0.004,-0.001,0.0,-0.029400000000000003,0.029400000000000003,14.08,0.0006000000000000001,62892.0,0.06430000000000001,0.0,4768.0,61984.0,0.041600000000000005,0.4732,0.47400000000000003,0.0,0.03,0.0,-0.17500000000000002,9.652000000000001
58604694,1,0,-0.022,0.0,0.002,-0.001,0.0,-0.029500000000000002,0.029400000000000003,14.08,0.0006000000000000001,62760.0,0.06430000000000001,0.0,8911.0,61600.0,0.0417,0.47350000000000003,0.47400000000000003,0.0,0.029,0.0,-0.003,9.639
58608743,1,0,-0.014,-0.044,0.001,-0.001,0.0,-0.030000000000000002,0.029900000000000003,14.08,0.0004,62892.0,0.06430000000000001,0.0,12960.0,61856.0,0.0424,0.47350000000000003,0.47400000000000003,0.0,0.029,0.0,-0.155,9.639
58613552,1,0,-0.038,0.068,-0.009000000000000001,-0.001,0.0,-0.031400000000000004,0.031400000000000004,14.08,0.00030000000000000003,62760.0,0.06770000000000001,0.0,17769.0,61856.0,0.0444,0.47350000000000003,0.47400000000000003,0.0,0.029,0.0,-0.07,9.639
58617755,1,0,-0.036000000000000004,0.054,0.001,0.0,0.0,-0.0327,0.0327,14.08,0.0002,62760.0,0.07100000000000001,0.0,0.0,61728.0,0.0463,0.4737,0.47400000000000003,0.0,0.027,0.0,0.203,9.639
58620552,1,0,-0.03,0.081,-0.001,0.0,0.0,-0.0325,0.0325,14.08,0.0,62892.0,0.07100000000000001,0.0,2797.0,61728.0,0.046,0.4737,0.47400000000000003,0.0,0.027,0.0,-0.14300000000000002,9.639
58624739,1,0,-0.028,0.078,-0.007,0.0,0.0,-0.0316,0.0316,14.08,-0.0001,62760.0,0.06770000000000001,0.0,6984.0,61600.0,0.044700000000000004,0.47340000000000004,0.47300000000000003,0.0,0.017,0.0,-0.006,9.622
58628752,1,0,-0.014,-0.012,0.009000000000000001,0.0,0.0,-0.031900000000000005,0.031900000000000005,14.08,-0.0002,62892.0,0.06770000000000001,0.0,10997.0,61856.0,0.045200000000000004,0.47340000000000004,0.47300000000000003,0.0,0.017,0.0,-0.195,9.622
58633552,1,0,-0.018000000000000002,0.098,-0.004,0.001,0.0,-0.0317,0.0317,14.08,-0.0004,62892.0,0.06770000000000001,0.0,15797.0,61856.0,0.0449,0.47340000000000004,0.47300000000000003,0.0,0.017,0.0,-0.134,9.622
58636552,1,0,-0.012,-0.003,0.003,0.001,0.0,-0.0316,0.0316,14.08,-0.0004,62892.0,0.06770000000000001,0.0,0.0,61600.0,0.044700000000000004,0.4743,0.47600000000000003,0.0,0.032,0.0,-0.215,9.622
58640810,1,0,-0.01,0.024,0.002,0.001,0.0,-0.031400000000000004,0.031400000000000004,14.08,-0.0006000000000000001,63024.0,0.06770000000000001,0.0,4258.0,61728.0,0.0444,0.4743,0.47600000000000003,0.0,0.032,0.0,-0.37,9.622
58645554,1,0,-0.04,0.048,0.002,0.001,0.0,-0.0307,0.0307,14.08,-0.0005,62892.0,0.06770000000000001,0.0,9002.0,61856.0,0.0434,0.4756,0.47800000000000004,0.0,0.051000000000000004,0.0,0.063,9.662
58647770,1,0,-0.013000000000000001,0.0,0.001,0.001,0.0,-0.032,0.032,14.08,-0.0006000000000000001,62760.0,0.06770000000000001,0.0,11218.0,61476.0,0.0453,0.4756,0.47800000000000004,0.0,0.051000000000000004,0.0,-0.126,9.662
58652552,1,0,-0.055,0.054,-0.007,0.001,0.0,-0.032600000000000004,0.032600000000000004,14.08,-0.0006000000000000001,62892.0,0.07100000000000001,0.0,16000.0,61728.0,0.0461,0.4756,0.47800000000000004,0.0,0.051000000000000004,0.0,0.11,9.662
58657553,1,0,-0.018000000000000002,-0.012,0.012,0.001,0.0,-0.032100000000000004,0.032100000000000004,14.08,-0.0007,62760.0,0.06770000000000001,0.0,0.0,61856.0,0.0454,0.47650000000000003,0.47800000000000004,0.0,0.057,0.0,0.106,9.662
58659771,1,0,-0.027,0.081,-0.005,0.002,0.0,-0.0329,0.0329,14.08,-0.0009000000000000001,62892.0,0.07100000000000001,0.0,2218.0,61984.0,0.0466,0.47650000000000003,0.47800000000000004,0.0,0.057,0.0,-0.105,9.662
58663819,1,0,-0.029,0.023,0.006,0.002,0.0,-0.0342,0.0342,14.08,-0.001,62892.0,0.07440000000000001,0.0,6266.0,61600.0,0.048400000000000006,0.47650000000000003,0.47800000000000004,0.0,0.057,0.0,0.197,9.694
58668638,1,0,-0.005,0.034,0.011,0.003,0.0,-0.033100000000000004,0.033,14.08,-0.0013000000000000002,62760.0,0.07100000000000001,0.0,11085.0,61600.0,0.046700000000000005,0.47700000000000004,0.47800000000000004,0.0,0.057,0.0,-0.185,9.694
58673677,1,0,-0.034,0.09,-0.004,0.003,0.0,-0.0328,0.0328,14.08,-0.0015,62892.0,0.07100000000000001,0.0,16124.0,61728.0,0.046400000000000004,0.47700000000000004,0.47800000000000004,0.0,0.057,0.0,-0.45,9.694
58675820,1,0,0.001,-0.01,0.001,0.003,0.0,-0.031900000000000005,0.031900000000000005,14.08,-0.0016,62892.0,0.06770000000000001,0.0,0.0,61728.0,0.045200000000000004,0.47700000000000004,0.47700000000000004,0.0,0.046,0.0,-0.264,9.694
58680554,1,0,-0.018000000000000002,0.075,0.002,0.004,0.0,-0.0315,0.0315,14.08,-0.0019,62892.0,0.06770000000000001,0.0,4734.0,61984.0,0.0446,0.47700000000000004,0.47700000000000004,0.0,0.046,0.0,-0.248,9.694
58684818,1,0,-0.037,0.042,0.001,0.005,0.0,-0.032100000000000004,0.032100000000000004,14.08,-0.0022,62892.0,0.06770000000000001,0.0,8998.0,61856.0,0.0453,0.4763,0.47500000000000003,0.0,0.022,0.0,0.105,9.644
58689577,1,0,0.007,-0.021,0.009000000000000001,0.005,0.0,-0.0313,0.0313,14.08,-0.0024000000000000002,62760.0,0.06770000000000001,0.0,13757.0,61728.0,0.0442,0.4763,0.47500000000000003,0.0,0.022,0.0,-0.042,9.644
58691792,1,0,-0.031,0.035,0.005,0.005,0.0,-0.0308,0.0308,14.08,-0.0025,62760.0,0.06770000000000001,0.0,15972.0,61600.0,0.0436,0.4763,0.47500000000000003,0.0,0.022,0.0,0.228,9.644
58695832,1,0,0.007,-0.032,0.011,0.005,0.0,-0.031200000000000002,0.031200000000000002,14.08,-0.0025,62892.0,0.06770000000000001,0.0,0.0,61728.0,0.0441,0.47650000000000003,0.47700000000000004,0.0,0.023,0.0,-0.03,9.644
58700555,1,0,-0.023,0.034,-0.003,0.005,0.0,-0.0308,0.0308,14.08,-0.0025,62892.0,0.06770000000000001,0.0,4723.0,61856.0,0.0436,0.47650000000000003,0.47700000000000004,0.0,0.023,0.0,-0.11800000000000001,9.644
58704839,1,0,-0.022,-0.004,0.003,0.005,0.0,-0.0296,0.0296,14.08,-0.0026000000000000003,62892.0,0.06430000000000001,0.0,9007.0,61728.0,0.041800000000000004,0.4771,0.47800000000000004,0.0,0.028,0.0,0.041,9.662
58709798,1,0,0.028,-0.039,0.007,0.006,0.0,-0.0286,0.0286,14.08,-0.0027,62892.0,0.0609,0.0,13966.0,61728.0,0.040400000000000005,0.4771,0.47800000000000004,0.0,0.028,0.0,-0.155,9.662
58711808,1,0,-0.008,0.004,-0.001,0.006,0.0,-0.0286,0.0285,14.08,-0.0027,63024.0,0.0609,0.0,15976.0,61856.0,0.040400000000000005,0.4771,0.47800000000000004,0.0,0.028,0.0,-0.052000000000000005,9.662
58716556,1,0,0.023,-0.041,0.006,0.006,0.0,-0.029,0.029,14.08,-0.0027,62760.0,0.0609,0.0,0.0,61476.0,0.041,0.47740000000000005,0.47800000000000004,0.0,0.029,0.0,-0.274,9.662
58720817,1,0,0.04,-0.003,0.003,0.006,0.0,-0.026000000000000002,0.026000000000000002,14.08,-0.0027,62892.0,0.0575,0.0,4261.0,61728.0,0.0367,0.47740000000000005,0.47800000000000004,0.0,0.029,0.0,-0.489,9.662
58723684,1,0,0.023,-0.058,0.006,0.005,0.0,-0.0262,0.0262,14.08,-0.0025,62760.0,0.0575,0.0,7128.0,61600.0,0.0371,0.47740000000000005,0.47800000000000004,0.0,0.029,0.0,-0.163,9.662
58728558,1,0,0.04,-0.016,-0.004,0.005,0.0,-0.0264,0.0264,14.08,-0.0024000000000000002,62892.0,0.0575,0.0,12002.0,61600.0,0.0374,0.4776,0.47800000000000004,0.0,0.028,0.0,-0.386,9.688
58732683,1,0,0.014,-0.021,0.0,0.005,0.0,-0.025,0.025,14.08,-0.0023,62892.0,0.0541,0.0,16127.0,61728.0,0.035300000000000005,0.4776,0.47800000000000004,0.0,0.028,0.0,-0.148,9.688
58737558,1,0,0.014,-0.065,0.001,0.004,0.0,-0.0252,0.0251,14.08,-0.0021000000000000003,62892.0,0.0541,0.0,0.0,61600.0,0.0356,0.4777,0.47800000000000004,0.0,0.025,0.0,0.184,9.688
58741558,1,0,0.048,-0.013000000000000001,-0.003,0.004,0.0,-0.024200000000000003,0.024200000000000003,14.08,-0.002,63024.0,0.050800000000000005,0.0,4000.0,61728.0,0.0342,0.4777,0.47800000000000004,0.0,0.025,0.0,0.034,9.688
58745821,1,0,0.03,-0.029,-0.003,0.003,0.0,-0.022600000000000002,0.022600000000000002,14.08,-0.0017000000000000001,62892.0,0.047400000000000005,0.0,8263.0,61600.0,0.031900000000000005,0.47750000000000004,0.47700000000000004,0.0,0.015,0.0,0.135,9.726
58748558,1,0,0.055,-0.025,-0.007,0.003,0.0,-0.023,0.023,14.08,-0.0016,62892.0,0.050800000000000005,0.0,11000.0,61856.0,0.0325,0.47750000000000004,0.47700000000000004,0.0,0.015,0.0,-0.20500000000000002,9.726
58752816,1,0,0.03,-0.025,-0.005,0.003,0.0,-0.023700000000000002,0.023700000000000002,14.08,-0.0014,63024.0,0.050800000000000005,0.0,15258.0,61600.0,0.033600000000000005,0.47750000000000004,0.47700000000000004,0.0,0.015,0.0,-0.189,9.726
58757558,1,0,0.024,-0.064,0.007,0.003,0.0,-0.0222,0.0222,14.08,-0.0012000000000000001,62760.0,0.047400000000000005,0.0,0.0,61728.0,0.0313,0.4777,0.47800000000000004,0.0,0.016,0.0,-0.14300000000000002,9.726
58761558,1,0,0.049,-0.018000000000000002,0.002,0.002,0.0,-0.0233,0.0233,14.08,-0.0011,63024.0,0.050800000000000005,0.0,4000.0,61600.0,0.0329,0.4777,0.47800000000000004,0.0,0.016,0.0,-0.28600000000000003,9.726
58764558,1,0,-0.007,-0.044,0.006,0.002,0.0,-0.0253,0.0253,14.08,-0.0011,62892.0,0.0541,0.0,7000.0,61856.0,0.0357,0.4777,0.47800000000000004,0.0,0.016,0.0,-0.196,9.726
58768817,1,0,0.025,-0.03,0.0,0.002,0.0,-0.022500000000000003,0.022500000000000003,14.08,-0.0009000000000000001,62892.0,0.047400000000000005,0.0,11259.0,61476.0,0.031900000000000005,0.4778,0.47800000000000004,0.0,0.015,0.0,-0.112,9.654
58773682,1,0,-0.017,-0.042,0.001,0.002,0.0,-0.0253,0.0253,14.08,-0.0009000000000000001,62892.0,0.0541,0.0,16124.0,61728.0,0.0358,0.4778,0.47800000000000004,0.0,0.015,0.0,0.157,9.654
58775818,1,0,0.028,-0.02,-0.003,0.002,0.0,-0.022500000000000003,0.022500000000000003,14.08,-0.0008,62892.0,0.047400000000000005,0.0,0.0,61728.0,0.0318,0.47790000000000005,0.47800000000000004,0.0,0.013000000000000001,0.0,0.022,9.654
58780825,1,0,-0.006,-0.019,0.0,0.002,0.0,-0.0257,0.0257,14.08,-0.0008,62892.0,0.0541,0.0,5007.0,61600.0,0.0364,0.47790000000000005,0.47800000000000004,0.0,0.013000000000000001,0.0,0.105,9.654
58785829,1,0,-0.014,-0.044,0.003,0.002,0.0,-0.021500000000000002,0.021500000000000002,14.08,-0.0008,62892.0,0.047400000000000005,0.0,10011.0,61728.0,0.0304,0.47790000000000005,0.47800000000000004,0.0,0.012,0.0,0.098,9.654
58787836,1,0,0.034,-0.004,-0.003,0.002,0.0,-0.0217,0.0217,14.08,-0.0008,62892.0,0.047400000000000005,0.0,12018.0,61856.0,0.0307,0.47790000000000005,0.47800000000000004,0.0,0.012,0.0,-0.088,9.66
58792569,1,0,-0.024,-0.022,-0.004,0.002,0.0,-0.0244,0.0244,14.08,-0.0007,62892.0,0.0541,0.0,16751.0,61728.0,0.0345,0.47790000000000005,0.47800000000000004,0.0,0.012,0.0,-0.061,9.66
58796913,1,0,0.0,0.008,-0.006,0.002,0.0,-0.024200000000000003,0.024200000000000003,14.08,-0.0007,62632.0,0.050800000000000005,0.0,0.0,61600.0,0.0342,0.4772,0.47600000000000003,0.0,-0.004,0.0,-0.158,9.66
58801816,1,0,0.016,0.013000000000000001,-0.018000000000000002,0.001,0.0,-0.023200000000000002,0.023200000000000002,14.08,-0.0005,62760.0,0.050800000000000005,0.0,4903.0,61856.0,0.0328,0.4772,0.47600000000000003,0.0,-0.004,0.0,-0.114,9.66
58803865,1,0,-0.011,0.002,-0.018000000000000002,0.001,0.0,-0.0235,0.0235,14.08,-0.0005,62760.0,0.050800000000000005,0.0,6952.0,61728.0,0.0332,0.4772,0.47600000000000003,0.0,-0.004,0.0,0.049,9.66
58808821,1,0,0.013000000000000001,0.002,-0.015,0.001,0.0,-0.022000000000000002,0.022000000000000002,14.08,-0.0002,62760.0,0.047400000000000005,0.0,11908.0,61728.0,0.031100000000000003,0.4758,0.47300000000000003,0.0,-0.033,0.0,-0.05,9.698
58813563,1,0,0.001,-0.041,-0.006,0.0,0.0,-0.0218,0.0218,14.08,0.0,62892.0,0.047400000000000005,0.0,16650.0,61728.0,0.0308,0.4758,0.47300000000000003,0.0,-0.033,0.0,0.001,9.698
58815847,1,0,0.024,0.015,-0.005,0.0,0.0,-0.0218,0.0218,14.08,0.0001,62760.0,0.047400000000000005,0.0,0.0,61728.0,0.0308,0.47550000000000003,0.47500000000000003,0.0,-0.032,0.0,-0.111,9.698
58820846,1,0,0.036000000000000004,-0.015,-0.006,-0.001,0.0,-0.020800000000000003,0.020800000000000003,14.08,0.0004,62760.0,0.044000000000000004,0.0,4999.0,61728.0,0.029400000000000003,0.47550000000000003,0.47500000000000003,0.0,-0.032,0.0,-0.07100000000000001,9.698
58823683,1,0,0.02,0.028,0.001,-0.001,0.0,-0.0219,0.0219,14.08,0.0004,62760.0,0.047400000000000005,0.0,7836.0,61856.0,0.031,0.47550000000000003,0.47500000000000003,0.0,-0.032,0.0,-0.127,9.698
58828552,1,0,0.035,-0.017,0.013000000000000001,-0.001,0.0,-0.0219,0.0219,14.08,0.0004,62760.0,0.047400000000000005,0.0,12705.0,61728.0,0.0309,0.4757,0.47600000000000003,0.0,-0.022,0.0,-0.195,9.698
58833552,1,0,0.017,-0.021,0.017,-0.001,0.0,-0.0213,0.0213,14.08,0.0004,62760.0,0.047400000000000005,0.0,17705.0,61728.0,0.030100000000000002,0.4757,0.47600000000000003,0.0,-0.022,0.0,-0.091,9.632
58837816,1,0,0.004,0.001,0.02,-0.001,0.0,-0.0204,0.0204,14.08,0.0006000000000000001,62760.0,0.044000000000000004,0.0,0.0,61856.0,0.028800000000000003,0.4761,0.47700000000000004,0.0,-0.008,0.0,-0.029,9.632
58839817,1,0,0.003,-0.044,0.022,-0.001,0.0,-0.020300000000000002,0.020300000000000002,14.08,0.0007,62760.0,0.044000000000000004,0.0,2001.0,61856.0,0.028800000000000003,0.4761,0.47700000000000004,0.0,-0.008,0.0,0.035,9.632
58843830,1,0,0.007,0.016,0.01,-0.002,0.0,-0.0206,0.0206,14.08,0.0008,62892.0,0.044000000000000004,0.0,6014.0,61856.0,0.0292,0.4761,0.47700000000000004,0.0,-0.008,0.0,-0.081,9.632
58848552,1,0,0.036000000000000004,-0.021,0.008,-0.002,0.0,-0.019200000000000002,0.019200000000000002,14.08,0.0009000000000000001,62760.0,0.040600000000000004,0.0,10736.0,61728.0,0.027200000000000002,0.4768,0.47800000000000004,0.0,0.007,0.0,-0.023,9.632
58852823,1,0,-0.02,-0.07200000000000001,0.009000000000000001,-0.002,0.0,-0.020800000000000003,0.020800000000000003,14.08,0.001,62892.0,0.044000000000000004,0.0,15007.0,61856.0,0.029400000000000003,0.4768,0.47800000000000004,0.0,0.007,0.0,0.088,9.691
58857552,1,0,0.01,0.055,0.0,-0.002,0.0,-0.0245,0.0245,14.08,0.0009000000000000001,63024.0,0.0541,0.0,0.0,61728.0,0.0347,0.4772,0.47800000000000004,0.0,0.014,0.0,-0.07,9.691
58860553,1,0,0.012,-0.027,0.003,-0.002,0.0,-0.0227,0.0227,14.08,0.0009000000000000001,62760.0,0.047400000000000005,0.0,3001.0,61728.0,0.032100000000000004,0.4772,0.47800000000000004,0.0,0.014,0.0,-0.007,9.691
58864856,1,0,-0.009000000000000001,0.03,-0.005,-0.002,0.0,-0.0252,0.0252,14.08,0.0008,62760.0,0.0541,0.0,7304.0,61984.0,0.0356,0.47750000000000004,0.47800000000000004,0.0,0.017,0.0,-0.048,9.691
58869834,1,0,-0.01,0.049,-0.013000000000000001,-0.001,0.0,-0.0236,0.0236,14.08,0.0007,62760.0,0.050800000000000005,0.0,12282.0,61728.0,0.0334,0.47750000000000004,0.47800000000000004,0.0,0.017,0.0,-0.06,9.691
58871837,1,0,-0.008,-0.008,-0.012,-0.001,0.0,-0.022600000000000002,0.022600000000000002,14.08,0.0006000000000000001,62892.0,0.047400000000000005,0.0,14285.0,61984.0,0.031900000000000005,0.47750000000000004,0.47800000000000004,0.0,0.017,0.0,0.017,9.582
58876550,1,0,-0.003,0.024,-0.011,-0.001,0.0,-0.0228,0.0228,14.08,0.0007,62760.0,0.050800000000000005,0.0,0.0,61728.0,0.0322,0.4777,0.47800000000000004,0.0,0.017,0.0,-0.135,9.582
58880550,1,0,-0.017,-0.07200000000000001,0.003,-0.001,0.0,-0.0236,0.0236,14.08,0.0007,62632.0,0.050800000000000005,0.0,4000.0,61856.0,0.0334,0.4777,0.47800000000000004,0.0,0.017,0.0,-0.068,9.582
58884552,1,0,-0.005,0.034,-0.004,-0.001,0.0,-0.0239,0.0239,14.08,0.0005,62760.0,0.050800000000000005,0.0,8002.0,61856.0,0.033800000000000004,0.4777,0.47800000000000004,0.0,0.017,0.0,-0.201,9.582
58888847,1,0,-0.012,0.036000000000000004,0.0,-0.001,0.0,-0.028,0.028,14.08,0.0005,62760.0,0.0609,0.0,12297.0,61728.0,0.0396,0.4771,0.47600000000000003,0.0,0.002,0.0,-0.17500000000000002,9.582
58893008,1,0,-0.029,-0.03,0.013000000000000001,0.0,0.0,-0.028900000000000002,0.028900000000000002,14.08,0.0002,63024.0,0.0609,0.0,16458.0,61728.0,0.0409,0.4771,0.47600000000000003,0.0,0.002,0.0,-0.112,9.582
58897552,1,0,-0.023,0.066,-0.002,0.0,0.0,-0.027100000000000003,0.027,14.08,0.0,62892.0,0.0575,0.0,0.0,61728.0,0.038200000000000005,0.47600000000000003,0.47400000000000003,0.0,-0.02,0.0,-0.151,9.675
58901552,1,0,0.007,-0.062,0.009000000000000001,0.0,0.0,-0.0234,0.0234,14.08,0.0002,62760.0,0.050800000000000005,0.0,4000.0,61600.0,0.033100000000000004,0.47600000000000003,0.47400000000000003,0.0,-0.02,0.0,0.025,9.675
58905552,1,0,-0.05,0.01,0.008,0.0,0.0,-0.0267,0.0267,14.08,0.0001,62632.0,0.0575,0.0,8000.0,61600.0,0.037700000000000004,0.4753,0.47400000000000003,0.0,-0.03,0.0,-0.026000000000000002,9.675
58907861,1,0,0.017,-0.028,0.013000000000000001,-0.001,0.0,-0.0273,0.0273,14.08,0.00030000000000000003,62632.0,0.0575,0.0,10309.0,61856.0,0.0386,0.4753,0.47400000000000003,0.0,-0.03,0.0,-0.01,9.675
58912552,1,0,0.0,0.016,0.0,0.0,0.0,-0.024800000000000003,0.024800000000000003,14.08,0.0002,62760.0,0.0541,0.0,15000.0,61600.0,0.0351,0.4753,0.47400000000000003,0.0,-0.03,0.0,-0.109,9.675
58916552,1,0,0.014,0.067,-0.003,0.0,0.0,-0.0292,0.0292,14.08,0.0002,62760.0,0.06430000000000001,0.0,0.0,61856.0,0.0413,0.47450000000000003,0.47300000000000003,0.0,-0.04,0.0,-0.01,9.674
58920917,1,0,0.022,-0.045,-0.003,0.0,0.0,-0.0267,0.0267,14.08,0.0001,62892.0,0.0575,0.0,4365.0,61600.0,0.0378,0.47450000000000003,0.47300000000000003,0.0,-0.04,0.0,0.021,9.674
58923683,1,0,0.027,0.052000000000000005,-0.016,0.0,0.0,-0.0251,0.0251,14.08,0.0001,62632.0,0.0541,0.0,7131.0,61728.0,0.035500000000000004,0.47450000000000003,0.47300000000000003,0.0,-0.04,0.0,0.02,9.674
58927876,1,0,-0.017,-0.031,-0.004,0.0,0.0,-0.0303,0.0303,14.08,-0.0001,62892.0,0.06430000000000001,0.0,11324.0,61856.0,0.0429,0.4747,0.47500000000000003,0.0,-0.029,0.0,0.162,9.674
58932552,1,0,-0.004,0.042,-0.006,0.001,0.0,-0.028300000000000002,0.028300000000000002,14.08,-0.0004,62632.0,0.0609,0.0,16000.0,61984.0,0.040100000000000004,0.4747,0.47500000000000003,0.0,-0.029,0.0,0.009000000000000001,9.674
58936880,1,0,-0.016,0.10400000000000001,-0.014,0.001,0.0,-0.0298,0.0298,14.08,-0.0007,62760.0,0.06430000000000001,0.0,0.0,61856.0,0.042100000000000005,0.4751,0.47600000000000003,0.0,-0.014,0.0,0.07100000000000001,9.636000000000001
58940928,1,0,-0.009000000000000001,-0.04,-0.008,0.002,0.0,-0.027700000000000002,0.027700000000000002,14.08,-0.0008,62760.0,0.0609,0.0,4048.0,61856.0,0.0391,0.4751,0.47600000000000003,0.0,-0.014,0.0,0.017,9.636000000000001
58945552,1,0,-0.018000000000000002,0.046,0.004,0.002,0.0,-0.0273,0.0273,14.08,-0.0011,62892.0,0.0575,0.0,8672.0,61856.0,0.0386,0.47540000000000004,0.47600000000000003,0.0,-0.005,0.0,-0.107,9.636000000000001
58947889,1,0,-0.017,-0.019,0.013000000000000001,0.002,0.0,-0.0292,0.0292,14.08,-0.001,62760.0,0.06430000000000001,0.0,11009.0,61856.0,0.0413,0.47540000000000004,0.47600000000000003,0.0,-0.005,0.0,0.081,9.636000000000001
58952552,1,0,-0.033,0.063,0.001,0.003,0.0,-0.0325,0.0325,14.08,-0.0015,62760.0,0.07100000000000001,0.0,15672.0,61728.0,0.046,0.47540000000000004,0.47600000000000003,0.0,-0.005,0.0,-0.081,9.636000000000001
58956553,1,0,-0.026000000000000002,0.018000000000000002,0.013000000000000001,0.003,0.0,-0.0317,0.0317,14.08,-0.0016,62632.0,0.06770000000000001,0.0,0.0,61728.0,0.0449,0.4756,0.47600000000000003,0.0,0.0,0.0,0.107,9.648
58960943,1,0,-0.027,-0.039,0.021,0.004,0.0,-0.029,0.029,14.08,-0.0019,62892.0,0.0609,0.0,4390.0,61856.0,0.041,0.4756,0.47600000000000003,0.0,0.0,0.0,0.074,9.648
58965552,1,0,-0.037,0.062,0.0,0.005,0.0,-0.031200000000000002,0.031200000000000002,14.08,-0.0022,62760.0,0.06770000000000001,0.0,8999.0,61856.0,0.0441,0.4751,0.47400000000000003,0.0,-0.011,0.0,-0.013000000000000001,9.648
58969553,1,0,-0.05,0.052000000000000005,0.004,0.005,0.0,-0.033600000000000005,0.033600000000000005,14.08,-0.0022,62760.0,0.07100000000000001,0.0,13000.0,61984.0,0.0475,0.4751,0.47400000000000003,0.0,-0.011,0.0,0.162,9.648
58971903,1,0,-0.035,0.07200000000000001,0.007,0.005,0.0,-0.034800000000000005,0.0347,14.08,-0.0026000000000000003,62760.0,0.07440000000000001,0.0,15350.0,61856.0,0.049100000000000005,0.4751,0.47400000000000003,0.0,-0.011,0.0,-0.17400000000000002,9.648
58976552,1,0,-0.058,0.039,-0.005,0.005,0.0,-0.0318,0.0318,14.08,-0.0026000000000000003,62632.0,0.06770000000000001,0.0,0.0,61728.0,0.045000000000000005,0.47400000000000003,0.47200000000000003,0.0,-0.031,0.0,0.219,9.613
58980992,1,0,-0.035,-0.02,0.007,0.006,0.0,-0.0339,0.0339,14.08,-0.0028,62632.0,0.07440000000000001,0.0,4440.0,61984.0,0.048,0.47400000000000003,0.47200000000000003,0.0,-0.031,0.0,0.20400000000000001,9.613
58985552,1,0,-0.05,0.091,-0.004,0.007,0.0,-0.036000000000000004,0.0359,14.08,-0.0032,62632.0,0.07780000000000001,0.0,9000.0,61728.0,0.050800000000000005,0.4743,0.47500000000000003,0.0,-0.017,0.0,0.096,9.613
58989931,1,0,-0.061,0.07200000000000001,-0.015,0.007,0.0,-0.0327,0.032600000000000004,14.08,-0.0035,62760.0,0.07100000000000001,0.0,13379.0,62112.0,0.046200000000000005,0.4743,0.47500000000000003,0.0,-0.017,0.0,0.045,9.613
58992561,1,0,-0.035,0.046,-0.011,0.008,0.0,-0.032600000000000004,0.032600000000000004,14.08,-0.0037,62760.0,0.07100000000000001,0.0,16009.0,61728.0,0.0461,0.4743,0.47500000000000003,0.0,-0.017,0.0,-0.251,9.613
58996920,1,0,-0.07,0.095,-0.004,0.008,0.0,-0.0362,0.0362,14.08,-0.004,62632.0,0.07780000000000001,0.0,0.0,61600.0,0.0512,0.4753,0.47700000000000004,0.0,0.005,0.0,-0.311,9.655
59000968,1,0,-0.029,-0.017,0.003,0.009000000000000001,0.0,-0.035,0.035,14.08,-0.004200000000000001,62760.0,0.07440000000000001,0.0,4048.0,61984.0,0.0495,0.4753,0.47700000000000004,0.0,0.005,0.0,-0.233,9.655
59005551,1,0,-0.041,0.054,-0.005,0.009000000000000001,0.0,-0.033600000000000005,0.033600000000000005,14.08,-0.0045000000000000005,62892.0,0.07100000000000001,0.0,8631.0,61984.0,0.0476,0.4762,0.47800000000000004,0.0,0.023,0.0,-0.244,9.655
59007964,1,0,-0.054,-0.031,0.008,0.009000000000000001,0.0,-0.035,0.035,14.08,-0.0045000000000000005,62632.0,0.07440000000000001,0.0,11044.0,62112.0,0.0494,0.4762,0.47800000000000004,0.0,0.023,0.0,0.112,9.655
59012552,1,0,-0.034,0.058,0.009000000000000001,0.01,0.0,-0.0364,0.0364,14.08,-0.0049,62760.0,0.07780000000000001,0.0,15632.0,61600.0,0.051500000000000004,0.4762,0.47800000000000004,0.0,0.023,0.0,-0.168,9.655
59016935,1,0,-0.066,0.056,0.002,0.011,0.0,-0.0346,0.0346,14.08,-0.0051,62632.0,0.07440000000000001,0.0,0.0,61728.0,0.049,0.4768,0.47800000000000004,0.0,0.031,0.0,-0.011,9.578
59021103,1,0,-0.028,-0.044,0.02,0.011,0.0,-0.0335,0.0335,14.08,-0.005200000000000001,62632.0,0.07100000000000001,0.0,4168.0,61984.0,0.0473,0.4768,0.47800000000000004,0.0,0.031,0.0,0.005,9.578
59023677,1,0,-0.035,0.037,0.011,0.011,0.0,-0.033,0.033,14.08,-0.0053,62632.0,0.07100000000000001,0.0,6742.0,61728.0,0.046700000000000005,0.4768,0.47800000000000004,0.0,0.031,0.0,0.078,9.578
59028551,1,0,-0.023,-0.037,0.016,0.011,0.0,-0.0337,0.0337,14.08,-0.0053,62500.0,0.07100000000000001,0.0,11616.0,61856.0,0.0477,0.4773,0.47800000000000004,0.0,0.033,0.0,0.2,9.578
59032982,1,0,0.015,-0.006,0.016,0.011,0.0,-0.0325,0.0325,14.08,-0.0054,62632.0,0.07100000000000001,0.0,16047.0,61728.0,0.046,0.4773,0.47800000000000004,0.0,0.033,0.0,-0.10300000000000001,9.578
59037552,1,0,-0.01,0.064,-0.002,0.011,0.0,-0.034800000000000005,0.034800000000000005,14.08,-0.0054,62760.0,0.07440000000000001,0.0,0.0,61984.0,0.0492,0.4772,0.47700000000000004,0.0,0.024,0.0,0.112,9.621
59041952,1,0,-0.016,-0.025,0.005,0.011,0.0,-0.0316,0.0316,14.08,-0.005200000000000001,62632.0,0.06760000000000001,0.0,4400.0,61600.0,0.0446,0.4772,0.47700000000000004,0.0,0.024,0.0,0.065,9.621
59044053,1,0,-0.003,0.062,-0.001,0.011,0.0,-0.033100000000000004,0.033100000000000004,14.08,-0.0054,62760.0,0.07100000000000001,0.0,6501.0,61984.0,0.0468,0.47750000000000004,0.47800000000000004,0.0,0.025,0.0,-0.189,9.621
59048954,1,0,-0.012,-0.005,-0.003,0.011,0.0,-0.0329,0.0329,14.08,-0.0054,62760.0,0.07100000000000001,0.0,11402.0,61984.0,0.0465,0.47750000000000004,0.47800000000000004,0.0,0.025,0.0,-0.182,9.621
59053106,1,0,0.024,-0.003,-0.005,0.012,0.0,-0.0335,0.0335,14.08,-0.0057,62632.0,0.07100000000000001,0.0,15554.0,61856.0,0.047400000000000005,0.47750000000000004,0.47800000000000004,0.0,0.025,0.0,-0.402,9.621
59057963,1,0,0.005,0.06,-0.014,0.012,0.0,-0.0333,0.0333,14.08,-0.0058000000000000005,62500.0,0.07100000000000001,0.0,0.0,61728.0,0.047,0.47800000000000004,0.47900000000000004,0.0,0.031,0.0,-0.137,9.665000000000001
59060000,1,0,0.032,-0.008,-0.007,0.012,0.0,-0.0328,0.0328,14.08,-0.0058000000000000005,62760.0,0.07100000000000001,0.0,2037.0,61856.0,0.046400000000000004,0.47800000000000004,0.47900000000000004,0.0,0.031,0.0,-0.114,9.665000000000001
59064022,1,0,0.004,0.027,-0.008,0.012,0.0,-0.030000000000000002,0.030000000000000002,14.08,-0.0057,62632.0,0.06430000000000001,0.0,6059.0,61728.0,0.0425,0.4783,0.47900000000000004,0.0,0.032,0.0,0.136,9.665000000000001
59068969,1,0,0.02,-0.007,0.001,0.012,0.0,-0.0317,0.0317,14.08,-0.0056,62500.0,0.06760000000000001,0.0,11006.0,61856.0,0.0449,0.4783,0.47900000000000004,0.0,0.032,0.0,0.13,9.665000000000001
59073733,1,0,0.042,-0.022,0.0,0.012,0.0,-0.0292,0.0292,14.08,-0.0057,62760.0,0.06430000000000001,0.0,15770.0,61728.0,0.0413,0.4783,0.47900000000000004,0.0,0.032,0.0,-0.356,9.665000000000001
59076019,1,0,0.017,-0.023,0.013000000000000001,0.012,0.0,-0.029400000000000003,0.029400000000000003,14.08,-0.0056,62760.0,0.06430000000000001,0.0,0.0,61984.0,0.0415,0.4786,0.47900000000000004,0.0,0.03,0.0,-0.156,9.665000000000001
59080551,1,0,0.043000000000000003,-0.02,0.005,0.012,0.0,-0.0308,0.0308,14.08,-0.0057,62632.0,0.06760000000000001,0.0,4532.0,61728.0,0.0436,0.4786,0.47900000000000004,0.0,0.03,0.0,-0.276,9.669
59084553,1,0,0.014,-0.019,0.003,0.012,0.0,-0.030100000000000002,0.030000000000000002,14.08,-0.0056,62632.0,0.06430000000000001,0.0,8534.0,61600.0,0.0425,0.4786,0.47900000000000004,0.0,0.03,0.0,-0.01,9.669
59089019,1,0,0.004,-0.037,0.012,0.011,0.0,-0.030000000000000002,0.030000000000000002,14.08,-0.0055000000000000005,62632.0,0.06430000000000001,0.0,13000.0,61856.0,0.0425,0.47840000000000005,0.47800000000000004,0.0,0.02,0.0,0.081,9.669
59093525,1,0,0.044,-0.016,-0.001,0.011,0.0,-0.029900000000000003,0.029900000000000003,14.08,-0.0055000000000000005,62632.0,0.06430000000000001,0.0,17506.0,61856.0,0.042300000000000004,0.47840000000000005,0.47800000000000004,0.0,0.02,0.0,-0.212,9.669
59098026,1,0,0.032,0.007,-0.002,0.011,0.0,-0.027600000000000003,0.027600000000000003,14.08,-0.0054,62632.0,0.0609,0.0,0.0,61856.0,0.0391,0.47790000000000005,0.47700000000000004,0.0,0.006,0.0,-0.264,9.672
59100551,1,0,0.03,-0.022,0.006,0.011,0.0,-0.0291,0.0291,14.08,-0.0053,62632.0,0.06430000000000001,0.0,2525.0,61984.0,0.0412,0.47790000000000005,0.47700000000000004,0.0,0.006,0.0,-0.438,9.672
59105031,1,0,0.029,-0.014,-0.012,0.011,0.0,-0.0273,0.0273,14.08,-0.0053,62632.0,0.0575,0.0,7005.0,61984.0,0.0386,0.4772,0.47600000000000003,0.0,-0.008,0.0,-0.369,9.672
59109553,1,0,-0.026000000000000002,-0.074,-0.001,0.011,0.0,-0.025500000000000002,0.025500000000000002,14.08,-0.005200000000000001,62632.0,0.0541,0.0,11527.0,61728.0,0.0361,0.4772,0.47600000000000003,0.0,-0.008,0.0,0.08600000000000001,9.672
59111997,1,0,0.021,-0.006,-0.01,0.011,0.0,-0.0281,0.0281,14.08,-0.005200000000000001,62760.0,0.0609,0.0,13971.0,61856.0,0.0398,0.4772,0.47600000000000003,0.0,-0.008,0.0,-0.055,9.672
59116555,1,0,0.009000000000000001,-0.062,0.007,0.011,0.0,-0.0257,0.0257,14.08,-0.0051,62760.0,0.0541,0.0,0.0,61856.0,0.0363,0.47640000000000005,0.47500000000000003,0.0,-0.022,0.0,0.126,9.672
59121050,1,0,0.032,-0.069,-0.005,0.01,0.0,-0.022600000000000002,0.022600000000000002,14.07,-0.0048000000000000004,62500.0,0.047400000000000005,0.0,4495.0,62112.0,0.031900000000000005,0.47640000000000005,0.47500000000000003,0.0,-0.022,0.0,0.029,9.635
59123640,1,0,-0.007,-0.064,0.002,0.01,0.0,-0.0241,0.0241,14.07,-0.0047,62632.0,0.0507,0.0,7085.0,61728.0,0.034,0.47640000000000005,0.47500000000000003,0.0,-0.022,0.0,0.148,9.635
59128514,1,0,0.026000000000000002,-0.075,0.0,0.009000000000000001,0.0,-0.023200000000000002,0.023100000000000002,14.07,-0.0043,62632.0,0.0507,0.0,11959.0,61856.0,0.0327,0.4763,0.47600000000000003,0.0,-0.021,0.0,0.057,9.635
59132552,1,0,0.052000000000000005,-0.046,0.003,0.008,0.0,-0.021,0.021,14.07,-0.0039000000000000003,62760.0,0.044000000000000004,0.0,15997.0,61728.0,0.0297,0.4763,0.47600000000000003,0.0,-0.021,0.0,-0.028,9.635
59137051,1,0,0.002,-0.049,0.003,0.007,0.0,-0.024200000000000003,0.024200000000000003,14.07,-0.0035,62760.0,0.0507,0.0,0.0,61856.0,0.0342,0.4762,0.47600000000000003,0.0,-0.019,0.0,0.216,9.635
59141102,1,0,0.044,-0.067,0.005,0.007,0.0,-0.0199,0.0199,14.07,-0.0032,62892.0,0.044000000000000004,0.0,4051.0,61856.0,0.028200000000000003,0.4762,0.47600000000000003,0.0,-0.019,0.0,-0.027,9.620000000000001
59145551,1,0,0.042,-0.035,0.001,0.006,0.0,-0.020200000000000003,0.020200000000000003,14.07,-0.0029000000000000002,62760.0,0.044000000000000004,0.0,8500.0,61728.0,0.0286,0.4768,0.47800000000000004,0.0,-0.002,0.0,-0.189,9.620000000000001
59148554,1,0,0.051000000000000004,-0.023,0.002,0.006,0.0,-0.0218,0.0218,14.07,-0.0028,62500.0,0.0473,0.0,11503.0,61728.0,0.0308,0.4768,0.47800000000000004,0.0,-0.002,0.0,-0.339,9.620000000000001
59153514,1,0,0.064,-0.031,0.007,0.005,0.0,-0.0194,0.0194,14.07,-0.0025,62760.0,0.040600000000000004,0.0,16463.0,61600.0,0.0274,0.4768,0.47800000000000004,0.0,-0.002,0.0,-0.374,9.620000000000001
59158069,1,0,0.058,-0.014,0.002,0.005,0.0,-0.019,0.019,14.07,-0.0023,62632.0,0.040600000000000004,0.0,0.0,61856.0,0.0269,0.4776,0.47900000000000004,0.0,0.013000000000000001,0.0,-0.156,9.608
59160513,1,0,0.08600000000000001,0.004,-0.004,0.005,0.0,-0.0195,0.0195,14.07,-0.0022,62760.0,0.040600000000000004,0.0,2444.0,61856.0,0.027600000000000003,0.4776,0.47900000000000004,0.0,0.013000000000000001,0.0,-0.305,9.608
59164514,1,0,0.044,-0.023,-0.008,0.004,0.0,-0.0183,0.0183,14.07,-0.0021000000000000003,62760.0,0.040600000000000004,0.0,6445.0,61728.0,0.0258,0.47840000000000005,0.48000000000000004,0.0,0.028,0.0,0.034,9.608
59169037,1,0,0.019,-0.032,-0.005,0.004,0.0,-0.0177,0.0177,14.07,-0.0018000000000000002,62632.0,0.037200000000000004,0.0,10968.0,61600.0,0.025,0.47840000000000005,0.48000000000000004,0.0,0.028,0.0,0.124,9.608
59173714,1,0,0.08700000000000001,-0.001,-0.01,0.003,0.0,-0.019100000000000002,0.019100000000000002,14.07,-0.0015,62760.0,0.040600000000000004,0.0,15645.0,61856.0,0.027,0.47840000000000005,0.48000000000000004,0.0,0.028,0.0,-0.214,9.608
59176127,1,0,0.002,-0.02,-0.012,0.003,0.0,-0.019700000000000002,0.019700000000000002,14.07,-0.0014,62632.0,0.044000000000000004,0.0,0.0,61728.0,0.0279,0.4793,0.48100000000000004,0.0,0.04,0.0,-0.092,9.608
59180909,1,0,0.079,-0.018000000000000002,-0.013000000000000001,0.002,0.0,-0.018000000000000002,0.018000000000000002,14.07,-0.001,62892.0,0.037200000000000004,0.0,4782.0,61728.0,0.025500000000000002,0.4793,0.48100000000000004,0.0,0.04,0.0,-0.359,9.688
59185085,1,0,0.018000000000000002,-0.029,-0.011,0.002,0.0,-0.02,0.02,14.07,-0.0007,62632.0,0.044000000000000004,0.0,8958.0,61856.0,0.028300000000000002,0.47890000000000005,0.47800000000000004,0.0,0.023,0.0,-0.20600000000000002,9.688
59189089,1,0,0.019,-0.024,-0.007,0.001,0.0,-0.0189,0.0188,14.07,-0.0005,62892.0,0.040600000000000004,0.0,12962.0,61984.0,0.0267,0.47890000000000005,0.47800000000000004,0.0,0.023,0.0,-0.211,9.688
59193514,1,0,0.046,-0.026000000000000002,0.001,0.001,0.0,-0.0184,0.0184,14.07,-0.00030000000000000003,62760.0,0.040600000000000004,0.0,17387.0,61600.0,0.026000000000000002,0.47890000000000005,0.47800000000000004,0.0,0.023,0.0,-0.14300000000000002,9.688
59198108,1,0,0.017,-0.076,0.005,0.0,0.0,-0.0158,0.0158,14.07,0.0,62760.0,0.033800000000000004,0.0,0.0,61856.0,0.0223,0.4772,0.47400000000000003,0.0,-0.016,0.0,0.047,9.593
59200551,1,0,0.051000000000000004,-0.024,0.003,0.0,0.0,-0.0175,0.0175,14.07,0.0001,62760.0,0.037200000000000004,0.0,2443.0,61856.0,0.0247,0.4772,0.47400000000000003,0.0,-0.016,0.0,-0.14,9.593
59205100,1,0,0.03,-0.04,0.017,-0.001,0.0,-0.020200000000000003,0.020200000000000003,14.07,0.00030000000000000003,62760.0,0.044000000000000004,0.0,6992.0,61728.0,0.0285,0.47750000000000004,0.47800000000000004,0.0,-0.007,0.0,-0.051000000000000004,9.593
59210103,1,0,0.014,-0.054,0.022,-0.001,0.0,-0.0183,0.0183,14.07,0.0004,62760.0,0.040600000000000004,0.0,11995.0,61600.0,0.0258,0.47750000000000004,0.47800000000000004,0.0,-0.007,0.0,0.054,9.593
59212554,1,0,0.017,-0.073,0.022,-0.001,0.0,-0.0179,0.0179,14.07,0.0005,62760.0,0.037200000000000004,0.0,14446.0,61728.0,0.0253,0.47750000000000004,0.47800000000000004,0.0,-0.007,0.0,0.059000000000000004,9.593
59217110,1,0,0.01,-0.054,0.014,-0.002,0.0,-0.0189,0.0188,14.07,0.0008,62760.0,0.040600000000000004,0.0,0.0,61600.0,0.0267,0.47900000000000004,0.48200000000000004,0.0,0.026000000000000002,0.0,0.061,9.593
59221157,1,0,0.041,0.023,-0.003,-0.002,0.0,-0.019700000000000002,0.019700000000000002,14.07,0.0009000000000000001,62760.0,0.044000000000000004,0.0,4047.0,61600.0,0.027800000000000002,0.47900000000000004,0.48200000000000004,0.0,0.026000000000000002,0.0,-0.10300000000000001,9.665000000000001
59223718,1,0,0.009000000000000001,-0.021,-0.002,-0.002,0.0,-0.02,0.02,14.07,0.0009000000000000001,62760.0,0.044000000000000004,0.0,6608.0,61600.0,0.028200000000000003,0.47900000000000004,0.48200000000000004,0.0,0.026000000000000002,0.0,-0.004,9.665000000000001
59228512,1,0,0.025,0.011,-0.008,-0.002,0.0,-0.0188,0.0188,14.07,0.001,62892.0,0.040600000000000004,0.0,11402.0,61728.0,0.026500000000000003,0.47900000000000004,0.47900000000000004,0.0,0.021,0.0,-0.094,9.665000000000001
59232512,1,0,0.024,-0.073,-0.009000000000000001,-0.002,0.0,-0.0171,0.0171,14.07,0.0011,62760.0,0.037200000000000004,0.0,15402.0,61728.0,0.024200000000000003,0.47900000000000004,0.47900000000000004,0.0,0.021,0.0,-0.055,9.665000000000001
59237120,1,0,0.003,-0.026000000000000002,-0.008,-0.002,0.0,-0.021500000000000002,0.021500000000000002,14.07,0.0011,62760.0,0.0473,0.0,0.0,61600.0,0.0304,0.4776,0.47500000000000003,0.0,-0.012,0.0,0.002,9.665000000000001
59241512,1,0,0.024,0.032,-0.015,-0.002,0.0,-0.020300000000000002,0.020300000000000002,14.07,0.0011,62500.0,0.044000000000000004,0.0,4392.0,61856.0,0.0287,0.4776,0.47500000000000003,0.0,-0.012,0.0,-0.10200000000000001,9.612
59246180,1,0,0.027,-0.046,-0.007,-0.002,0.0,-0.0183,0.0183,14.07,0.0012000000000000001,62760.0,0.040600000000000004,0.0,9060.0,61600.0,0.0258,0.4767,0.47500000000000003,0.0,-0.028,0.0,-0.015,9.612
59248513,1,0,0.021,0.006,-0.011,-0.002,0.0,-0.0176,0.0176,14.07,0.0011,62632.0,0.037200000000000004,0.0,11393.0,61600.0,0.024900000000000002,0.4767,0.47500000000000003,0.0,-0.028,0.0,-0.07,9.612
59253132,1,0,0.035,-0.044,0.005,-0.003,0.0,-0.018000000000000002,0.018000000000000002,14.07,0.0013000000000000002,62760.0,0.037200000000000004,0.0,16012.0,61728.0,0.025400000000000002,0.4767,0.47500000000000003,0.0,-0.028,0.0,-0.032,9.612
59257135,1,0,0.0,-0.035,0.014,-0.002,0.0,-0.0213,0.0213,14.07,0.0011,62760.0,0.0473,0.0,0.0,61600.0,0.030100000000000002,0.4768,0.47700000000000004,0.0,-0.02,0.0,-0.002,9.612
59261185,1,0,0.016,0.035,0.003,-0.002,0.0,-0.023200000000000002,0.023200000000000002,14.07,0.0012000000000000001,62760.0,0.0507,0.0,4050.0,61600.0,0.0328,0.4768,0.47700000000000004,0.0,-0.02,0.0,-0.028,9.651
59265512,1,0,-0.002,-0.075,0.022,-0.003,0.0,-0.021400000000000002,0.021400000000000002,14.07,0.0013000000000000002,62892.0,0.0473,0.0,8377.0,61856.0,0.0303,0.4772,0.47800000000000004,0.0,-0.008,0.0,0.17,9.651
59269513,1,0,0.005,0.006,0.008,-0.003,0.0,-0.0194,0.0193,14.07,0.0014,62760.0,0.040600000000000004,0.0,12378.0,61728.0,0.0274,0.4772,0.47800000000000004,0.0,-0.008,0.0,0.08700000000000001,9.651
59273678,1,0,0.0,-0.056,0.012,-0.003,0.0,-0.0205,0.0205,14.07,0.0017000000000000001,62632.0,0.044000000000000004,0.0,16543.0,61600.0,0.029,0.4772,0.47800000000000004,0.0,-0.008,0.0,0.146,9.651
59276553,1,0,-0.001,0.039,0.004,-0.003,0.0,-0.0222,0.0222,14.07,0.0016,62892.0,0.0473,0.0,0.0,61728.0,0.031400000000000004,0.47750000000000004,0.47800000000000004,0.0,-0.001,0.0,0.065,9.651
59281199,1,0,-0.002,0.038,-0.004,-0.004,0.0,-0.023,0.023,14.07,0.0018000000000000002,62760.0,0.0507,0.0,4646.0,61856.0,0.0325,0.47750000000000004,0.47800000000000004,0.0,-0.001,0.0,0.078,9.665000000000001
59285512,1,0,-0.012,-0.063,0.003,-0.004,0.0,-0.023,0.023,14.07,0.0018000000000000002,62760.0,0.0507,0.0,8959.0,61600.0,0.0325,0.4773,0.47700000000000004,0.0,-0.004,0.0,0.126,9.665000000000001
59289513,1,0,-0.015,0.033,-0.016,-0.004,0.0,-0.0204,0.0204,14.07,0.0018000000000000002,62760.0,0.044000000000000004,0.0,12960.0,61600.0,0.028800000000000003,0.4773,0.47700000000000004,0.0,-0.004,0.0,0.1,9.665000000000001
59292174,1,0,-0.002,-0.081,-0.005,-0.004,0.0,-0.0201,0.0201,14.07,0.0019,62892.0,0.044000000000000004,0.0,15621.0,61476.0,0.0284,0.4773,0.47700000000000004,0.0,-0.004,0.0,0.182,9.665000000000001
59296214,1,0,-0.018000000000000002,0.048,-0.018000000000000002,-0.004,0.0,-0.0228,0.0228,14.07,0.0019,62760.0,0.0507,0.0,0.0,61856.0,0.0323,0.47650000000000003,0.47500000000000003,0.0,-0.019,0.0,0.075,9.665000000000001
59300512,1,0,0.016,-0.003,-0.015,-0.004,0.0,-0.0239,0.0239,14.07,0.002,62760.0,0.0507,0.0,4298.0,61600.0,0.033800000000000004,0.47650000000000003,0.47500000000000003,0.0,-0.019,0.0,0.157,9.614
59304537,1,0,-0.016,0.001,-0.012,-0.004,0.0,-0.0238,0.0238,14.07,0.0018000000000000002,62632.0,0.0507,0.0,8323.0,61600.0,0.0337,0.4753,0.47300000000000003,0.0,-0.04,0.0,0.079,9.614
59309259,1,0,-0.006,0.069,-0.011,-0.004,0.0,-0.0236,0.0236,14.07,0.0017000000000000001,62632.0,0.0507,0.0,13045.0,61856.0,0.0334,0.4753,0.47300000000000003,0.0,-0.04,0.0,0.041,9.614
59313511,1,0,0.004,-0.039,0.002,-0.004,0.0,-0.0235,0.0235,14.07,0.0018000000000000002,62760.0,0.0507,0.0,17297.0,61728.0,0.0332,0.4753,0.47300000000000003,0.0,-0.04,0.0,0.07100000000000001,9.614
59317514,1,0,-0.017,0.037,0.005,-0.003,0.0,-0.025500000000000002,0.025400000000000002,14.07,0.0016,62760.0,0.0541,0.0,0.0,61476.0,0.036000000000000004,0.4748,0.47400000000000003,0.0,-0.041,0.0,-0.124,9.614
59322180,1,0,-0.005,0.108,0.004,-0.003,0.0,-0.028,0.0279,14.07,0.0014,62760.0,0.0608,0.0,4666.0,61728.0,0.0395,0.4748,0.47400000000000003,0.0,-0.041,0.0,-0.033,9.659
59324271,1,0,-0.019,0.035,0.013000000000000001,-0.003,0.0,-0.027200000000000002,0.027200000000000002,14.07,0.0013000000000000002,62760.0,0.0575,0.0,6757.0,61476.0,0.038400000000000004,0.47490000000000004,0.47500000000000003,0.0,-0.032,0.0,-0.203,9.659
59328512,1,0,-0.002,0.081,0.004,-0.003,0.0,-0.0261,0.0261,14.07,0.0013000000000000002,62760.0,0.0575,0.0,10998.0,61728.0,0.0369,0.47490000000000004,0.47500000000000003,0.0,-0.032,0.0,0.018000000000000002,9.659
59332513,1,0,-0.018000000000000002,-0.044,0.014,-0.002,0.0,-0.024800000000000003,0.024800000000000003,14.07,0.0012000000000000001,62892.0,0.0541,0.0,14999.0,61728.0,0.0351,0.47490000000000004,0.47500000000000003,0.0,-0.032,0.0,-0.013000000000000001,9.659
59337190,1,0,-0.014,0.049,0.008,-0.002,0.0,-0.026600000000000002,0.026600000000000002,14.07,0.001,62632.0,0.0575,0.0,0.0,61600.0,0.037700000000000004,0.4756,0.47700000000000004,0.0,-0.011,0.0,-0.039,9.659
59341320,1,0,-0.026000000000000002,0.07,0.011,-0.002,0.0,-0.028900000000000002,0.028900000000000002,14.07,0.001,62760.0,0.0608,0.0,4130.0,61600.0,0.0408,0.4756,0.47700000000000004,0.0,-0.011,0.0,0.10300000000000001,9.665000000000001
59345513,1,0,-0.015,0.004,0.004,-0.002,0.0,-0.0297,0.0296,14.07,0.0007,62892.0,0.06420000000000001,0.0,8323.0,61728.0,0.0419,0.47650000000000003,0.47800000000000004,0.0,0.008,0.0,-0.095,9.665000000000001
59348199,1,0,-0.041,0.067,-0.009000000000000001,-0.001,0.0,-0.0284,0.0284,14.07,0.0006000000000000001,62760.0,0.0608,0.0,11009.0,61600.0,0.0402,0.47650000000000003,0.47800000000000004,0.0,0.008,0.0,0.058,9.665000000000001
59352511,1,0,-0.015,-0.038,0.003,-0.001,0.0,-0.027100000000000003,0.027100000000000003,14.07,0.0004,62760.0,0.0575,0.0,15321.0,61600.0,0.0383,0.47650000000000003,0.47800000000000004,0.0,0.008,0.0,-0.013000000000000001,9.665000000000001
59356519,1,0,-0.037,0.078,-0.006,0.0,0.0,-0.0284,0.028300000000000002,14.07,0.0002,62760.0,0.0608,0.0,0.0,61728.0,0.040100000000000004,0.47700000000000004,0.47800000000000004,0.0,0.017,0.0,0.073,9.665000000000001
59361253,1,0,-0.051000000000000004,0.05,-0.012,0.0,0.0,-0.0308,0.0308,14.07,0.0,62760.0,0.06760000000000001,0.0,4734.0,61600.0,0.0436,0.47700000000000004,0.47800000000000004,0.0,0.017,0.0,0.47200000000000003,9.582
59365512,1,0,-0.015,-0.005,0.003,0.001,0.0,-0.0315,0.031400000000000004,14.07,-0.0004,62892.0,0.06760000000000001,0.0,8993.0,61728.0,0.044500000000000005,0.47700000000000004,0.47700000000000004,0.0,0.014,0.0,0.14400000000000002,9.582
59368213,1,0,-0.058,0.067,-0.006,0.001,0.0,-0.031100000000000003,0.031100000000000003,14.07,-0.0005,62632.0,0.06760000000000001,0.0,11694.0,61600.0,0.044000000000000004,0.47700000000000004,0.47700000000000004,0.0,0.014,0.0,0.305,9.582
59372553,1,0,-0.026000000000000002,0.013000000000000001,0.004,0.002,0.0,-0.0309,0.0309,14.07,-0.0008,62892.0,0.06760000000000001,0.0,16034.0,61728.0,0.0437,0.47700000000000004,0.47700000000000004,0.0,0.014,0.0,-0.146,9.582
59377215,1,0,-0.024,0.037,0.006,0.002,0.0,-0.0284,0.028300000000000002,14.07,-0.001,62892.0,0.0608,0.0,0.0,61600.0,0.040100000000000004,0.47700000000000004,0.47700000000000004,0.0,0.011,0.0,-0.219,9.582
59381265,1,0,-0.037,0.039,0.007,0.002,0.0,-0.031200000000000002,0.031200000000000002,14.07,-0.0009000000000000001,62760.0,0.06760000000000001,0.0,4050.0,61476.0,0.0441,0.47700000000000004,0.47700000000000004,0.0,0.011,0.0,0.231,9.58
59385510,1,0,0.007,-0.003,0.022,0.002,0.0,-0.0309,0.0309,14.07,-0.001,62760.0,0.06760000000000001,0.0,8295.0,61600.0,0.0437,0.47700000000000004,0.47700000000000004,0.0,0.009000000000000001,0.0,0.016,9.58
59389511,1,0,-0.017,0.10400000000000001,0.006,0.002,0.0,-0.0324,0.0324,14.07,-0.0011,62892.0,0.07100000000000001,0.0,12296.0,61600.0,0.0458,0.47700000000000004,0.47700000000000004,0.0,0.009000000000000001,0.0,0.0,9.58
59393512,1,0,-0.025,-0.011,0.021,0.003,0.0,-0.0327,0.0327,14.07,-0.0013000000000000002,62760.0,0.07100000000000001,0.0,16297.0,61600.0,0.0463,0.47700000000000004,0.47700000000000004,0.0,0.009000000000000001,0.0,-0.008,9.58
59397512,1,0,0.012,0.045,0.006,0.003,0.0,-0.030000000000000002,0.030000000000000002,14.07,-0.0016,62760.0,0.06420000000000001,0.0,0.0,61476.0,0.0424,0.4773,0.47800000000000004,0.0,0.014,0.0,-0.289,9.58
59400233,1,0,-0.023,-0.034,0.015,0.003,0.0,-0.028800000000000003,0.028800000000000003,14.06,-0.0014,62632.0,0.0608,0.0,2721.0,61728.0,0.0407,0.4773,0.47800000000000004,0.0,0.014,0.0,0.15,9.575000000000001
59404577,1,0,-0.019,0.069,0.001,0.003,0.0,-0.0322,0.0322,14.06,-0.0016,62760.0,0.06760000000000001,0.0,7065.0,61476.0,0.0455,0.4773,0.47800000000000004,0.0,0.014,0.0,-0.059000000000000004,9.575000000000001
59409237,1,0,-0.028,0.077,-0.013000000000000001,0.004,0.0,-0.0324,0.0324,14.06,-0.0018000000000000002,62760.0,0.07100000000000001,0.0,11725.0,61856.0,0.0459,0.4776,0.47800000000000004,0.0,0.016,0.0,-0.039,9.575000000000001
59413509,1,0,-0.005,-0.008,-0.001,0.004,0.0,-0.0333,0.0333,14.06,-0.002,62892.0,0.07100000000000001,0.0,15997.0,61600.0,0.0471,0.4776,0.47800000000000004,0.0,0.016,0.0,-0.035,9.575000000000001
59417511,1,0,-0.01,0.039,-0.016,0.005,0.0,-0.031100000000000003,0.031,14.06,-0.0022,62632.0,0.06760000000000001,0.0,0.0,61476.0,0.0439,0.4777,0.47800000000000004,0.0,0.016,0.0,-0.28400000000000003,9.575000000000001
59421512,1,0,-0.03,-0.016,-0.004,0.004,0.0,-0.0292,0.0292,14.06,-0.0021000000000000003,62760.0,0.06420000000000001,0.0,4001.0,61728.0,0.0413,0.4777,0.47800000000000004,0.0,0.016,0.0,0.214,9.639
59423675,1,0,-0.013000000000000001,0.025,-0.009000000000000001,0.005,0.0,-0.028900000000000002,0.028900000000000002,14.06,-0.0022,62760.0,0.0608,0.0,6164.0,61600.0,0.0408,0.4777,0.47800000000000004,0.0,0.016,0.0,-0.035,9.639
59428510,1,0,-0.028,0.025,-0.008,0.005,0.0,-0.0324,0.0324,14.06,-0.0023,62892.0,0.07100000000000001,0.0,10999.0,61476.0,0.0458,0.4778,0.47800000000000004,0.0,0.014,0.0,0.133,9.639
59432511,1,0,-0.001,-0.013000000000000001,0.001,0.005,0.0,-0.0327,0.0327,14.06,-0.0025,62760.0,0.07100000000000001,0.0,15000.0,61476.0,0.046200000000000005,0.4778,0.47800000000000004,0.0,0.014,0.0,-0.11900000000000001,9.639
59436550,1,0,-0.035,0.016,-0.004,0.005,0.0,-0.031400000000000004,0.031400000000000004,14.06,-0.0026000000000000003,62632.0,0.06760000000000001,0.0,0.0,61728.0,0.0444,0.4782,0.47900000000000004,0.0,0.02,0.0,0.113,9.639
59441306,1,0,-0.034,-0.027,0.005,0.005,0.0,-0.028800000000000003,0.028800000000000003,14.06,-0.0026000000000000003,62760.0,0.0608,0.0,4756.0,61476.0,0.0407,0.4782,0.47900000000000004,0.0,0.02,0.0,0.154,9.583
59445510,1,0,0.017,-0.015,0.009000000000000001,0.005,0.0,-0.031400000000000004,0.0313,14.06,-0.0026000000000000003,62760.0,0.06760000000000001,0.0,8960.0,61600.0,0.0443,0.47890000000000005,0.48000000000000004,0.0,0.028,0.0,-0.265,9.583
59449511,1,0,-0.019,0.04,0.005,0.006,0.0,-0.032600000000000004,0.032600000000000004,14.06,-0.0027,62632.0,0.07100000000000001,0.0,12961.0,61600.0,0.0461,0.47890000000000005,0.48000000000000004,0.0,0.028,0.0,-0.114,9.583
59452269,1,0,0.015,0.006,0.01,0.006,0.0,-0.0333,0.0333,14.06,-0.0027,62760.0,0.07100000000000001,0.0,15719.0,61728.0,0.047,0.47890000000000005,0.48000000000000004,0.0,0.028,0.0,-0.221,9.583
59456315,1,0,-0.007,0.025,-0.01,0.006,0.0,-0.0302,0.0302,14.06,-0.0028,62632.0,0.06420000000000001,0.0,0.0,61600.0,0.0427,0.4793,0.48000000000000004,0.0,0.031,0.0,0.01,9.583
59460511,1,0,-0.006,-0.045,0.006,0.006,0.0,-0.027700000000000002,0.027700000000000002,14.06,-0.0027,62760.0,0.0608,0.0,4196.0,61600.0,0.0391,0.4793,0.48000000000000004,0.0,0.031,0.0,0.105,9.624
59464534,1,0,0.035,0.014,-0.007,0.006,0.0,-0.0285,0.0285,14.06,-0.0027,62760.0,0.0608,0.0,8219.0,61600.0,0.0403,0.47950000000000004,0.48000000000000004,0.0,0.03,0.0,-0.116,9.624
59469406,1,0,-0.003,0.019,-0.006,0.005,0.0,-0.0304,0.0304,14.06,-0.0026000000000000003,62760.0,0.06420000000000001,0.0,13091.0,61600.0,0.043000000000000003,0.47950000000000004,0.48000000000000004,0.0,0.03,0.0,-0.005,9.624
59473720,1,0,0.011,-0.021,-0.006,0.005,0.0,-0.0281,0.0281,14.06,-0.0026000000000000003,62760.0,0.0608,0.0,17405.0,61600.0,0.0397,0.47950000000000004,0.48000000000000004,0.0,0.03,0.0,-0.202,9.624
59476331,1,0,0.0,-0.014,-0.009000000000000001,0.005,0.0,-0.0267,0.0267,14.06,-0.0025,63024.0,0.0574,0.0,0.0,61600.0,0.037700000000000004,0.48000000000000004,0.48100000000000004,0.0,0.034,0.0,-0.232,9.624
59480509,1,0,0.01,-0.039,-0.002,0.005,0.0,-0.0258,0.0258,14.06,-0.0024000000000000002,62632.0,0.0541,0.0,4178.0,61476.0,0.036500000000000005,0.48000000000000004,0.48100000000000004,0.0,0.034,0.0,-0.176,9.633000000000001
59484535,1,0,0.041,0.014,-0.01,0.005,0.0,-0.028,0.028,14.06,-0.0023,62892.0,0.0608,0.0,8204.0,61600.0,0.0396,0.48040000000000005,0.48100000000000004,0.0,0.034,0.0,-0.17400000000000002,9.633000000000001
59489292,1,0,-0.008,-0.016,0.0,0.005,0.0,-0.0274,0.0274,14.06,-0.0022,63024.0,0.0574,0.0,12961.0,61476.0,0.038700000000000005,0.48040000000000005,0.48100000000000004,0.0,0.034,0.0,0.069,9.633000000000001
59493510,1,0,0.024,-0.044,-0.001,0.004,0.0,-0.023700000000000002,0.023700000000000002,14.06,-0.002,62500.0,0.0507,0.0,17179.0,61600.0,0.0335,0.48040000000000005,0.48100000000000004,0.0,0.034,0.0,-0.179,9.633000000000001
59496346,1,0,-0.005,-0.037,0.001,0.004,0.0,-0.024,0.024,14.06,-0.0019,62632.0,0.0507,0.0,0.0,61476.0,0.034,0.4802,0.48000000000000004,0.0,0.025,0.0,-0.09,9.633000000000001
59500553,1,0,0.041,-0.008,0.006,0.004,0.0,-0.0257,0.0257,14.06,-0.0018000000000000002,62760.0,0.0541,0.0,4207.0,61600.0,0.0363,0.4802,0.48000000000000004,0.0,0.025,0.0,-0.34900000000000003,9.615
59505303,1,0,0.043000000000000003,-0.008,0.013000000000000001,0.004,0.0,-0.0247,0.0247,14.06,-0.0017000000000000001,62760.0,0.0541,0.0,8957.0,61856.0,0.035,0.47950000000000004,0.47800000000000004,0.0,0.004,0.0,-0.384,9.615
59510307,1,0,0.012,-0.051000000000000004,0.008,0.003,0.0,-0.0217,0.0216,14.06,-0.0015,62632.0,0.0473,0.0,13961.0,61600.0,0.030600000000000002,0.47950000000000004,0.47800000000000004,0.0,0.004,0.0,-0.056,9.615
59512308,1,0,0.035,-0.02,0.01,0.003,0.0,-0.023100000000000002,0.023100000000000002,14.06,-0.0015,62760.0,0.0507,0.0,15962.0,61600.0,0.0327,0.47950000000000004,0.47800000000000004,0.0,0.004,0.0,-0.187,9.615
59516356,1,0,0.001,-0.04,0.013000000000000001,0.003,0.0,-0.0247,0.0246,14.06,-0.0014,62632.0,0.0541,0.0,0.0,61600.0,0.0349,0.4786,0.47700000000000004,0.0,-0.014,0.0,0.012,9.615
59521359,1,0,-0.042,-0.06,0.007,0.003,0.0,-0.0241,0.0241,14.06,-0.0014,62632.0,0.0507,0.0,5003.0,61476.0,0.0341,0.4786,0.47700000000000004,0.0,-0.014,0.0,-0.067,9.674
59523720,1,0,-0.008,-0.081,0.005,0.003,0.0,-0.022500000000000003,0.022500000000000003,14.06,-0.0013000000000000002,62760.0,0.0473,0.0,7364.0,61600.0,0.0318,0.4786,0.47700000000000004,0.0,-0.014,0.0,0.013000000000000001,9.674
59528511,1,0,-0.047,-0.048,0.005,0.002,0.0,-0.0238,0.0238,14.06,-0.0011,62500.0,0.0507,0.0,12155.0,61728.0,0.0337,0.4777,0.47600000000000003,0.0,-0.029,0.0,0.178,9.674
59532557,1,0,0.01,-0.014,-0.007,0.002,0.0,-0.0269,0.0269,14.06,-0.001,62760.0,0.0574,0.0,16201.0,61728.0,0.038,0.4777,0.47600000000000003,0.0,-0.029,0.0,0.082,9.674
59537509,1,0,-0.005,-0.06,-0.002,0.002,0.0,-0.0224,0.0224,14.06,-0.0009000000000000001,62760.0,0.0473,0.0,0.0,61476.0,0.0317,0.47850000000000004,0.48000000000000004,0.0,-0.007,0.0,0.009000000000000001,9.674
59541511,1,0,-0.006,-0.028,0.0,0.002,0.0,-0.0228,0.0228,14.06,-0.0009000000000000001,62632.0,0.0507,0.0,4002.0,61476.0,0.0322,0.47850000000000004,0.48000000000000004,0.0,-0.007,0.0,-0.123,9.665000000000001
59544355,1,0,0.01,-0.027,0.001,0.002,0.0,-0.024300000000000002,0.024300000000000002,14.06,-0.0008,62760.0,0.0507,0.0,6846.0,61600.0,0.034300000000000004,0.4801,0.48300000000000004,0.0,0.026000000000000002,0.0,-0.117,9.665000000000001
59548510,1,0,-0.002,-0.015,-0.008,0.002,0.0,-0.0244,0.024300000000000002,14.06,-0.0009000000000000001,62632.0,0.0541,0.0,11001.0,61856.0,0.0344,0.4801,0.48300000000000004,0.0,0.026000000000000002,0.0,-0.164,9.665000000000001
59552510,1,0,0.028,0.009000000000000001,-0.001,0.001,0.0,-0.023100000000000002,0.023100000000000002,14.06,-0.0007,62760.0,0.0507,0.0,15001.0,61856.0,0.0327,0.4801,0.48300000000000004,0.0,0.026000000000000002,0.0,-0.146,9.665000000000001
59557339,1,0,0.022,-0.025,-0.005,0.001,0.0,-0.0239,0.0239,14.06,-0.0005,62760.0,0.0507,0.0,0.0,61728.0,0.033800000000000004,0.4797,0.47900000000000004,0.0,0.013000000000000001,0.0,-0.039,9.665000000000001
59561388,1,0,0.014,0.008,-0.007,0.001,0.0,-0.0234,0.0234,14.06,-0.0005,62632.0,0.0507,0.0,4049.0,61856.0,0.033100000000000004,0.4797,0.47900000000000004,0.0,0.013000000000000001,0.0,-0.056,9.597
59565510,1,0,0.032,-0.01,-0.006,0.001,0.0,-0.0212,0.0212,14.06,-0.00030000000000000003,62760.0,0.0439,0.0,8171.0,61856.0,0.029900000000000003,0.4777,0.47400000000000003,0.0,-0.029,0.0,-0.07,9.597
59568359,1,0,0.011,-0.001,-0.003,0.001,0.0,-0.022600000000000002,0.022600000000000002,14.06,-0.00030000000000000003,62632.0,0.0473,0.0,11020.0,61600.0,0.032,0.4777,0.47400000000000003,0.0,-0.029,0.0,-0.07200000000000001,9.597
59572511,1,0,0.038,0.025,-0.006,0.0,0.0,-0.0235,0.0235,14.06,-0.0001,63024.0,0.0507,0.0,15172.0,61600.0,0.0332,0.4777,0.47400000000000003,0.0,-0.029,0.0,-0.037,9.597
59577508,1,0,0.042,-0.063,0.004,0.0,0.0,-0.020800000000000003,0.020800000000000003,14.06,0.0,62892.0,0.0439,0.0,0.0,61728.0,0.029400000000000003,0.4771,0.47600000000000003,0.0,-0.035,0.0,0.003,9.597
59582355,1,0,0.002,-0.031,0.002,0.0,0.0,-0.0213,0.0213,14.06,0.0001,62632.0,0.0473,0.0,4847.0,61600.0,0.030100000000000002,0.4771,0.47600000000000003,0.0,-0.035,0.0,-0.012,9.604000000000001
59584381,1,0,0.046,-0.047,0.0,-0.001,0.0,-0.0224,0.0224,14.06,0.0002,62760.0,0.0473,0.0,6873.0,61600.0,0.0317,0.47740000000000005,0.47800000000000004,0.0,-0.022,0.0,0.065,9.604000000000001
59588509,1,0,-0.009000000000000001,-0.009000000000000001,-0.002,-0.001,0.0,-0.021500000000000002,0.021500000000000002,14.06,0.00030000000000000003,62632.0,0.0473,0.0,11001.0,61600.0,0.0304,0.47740000000000005,0.47800000000000004,0.0,-0.022,0.0,-0.065,9.604000000000001
59592511,1,0,0.039,-0.009000000000000001,-0.003,-0.001,0.0,-0.0221,0.0221,14.06,0.0005,62632.0,0.0473,0.0,15003.0,61600.0,0.0313,0.47740000000000005,0.47800000000000004,0.0,-0.022,0.0,-0.075,9.604000000000001
59597498,1,0,0.007,-0.053,0.003,-0.001,0.0,-0.0236,0.0236,14.06,0.0005,62892.0,0.0507,0.0,0.0,61728.0,0.0333,0.47690000000000005,0.47600000000000003,0.0,-0.028,0.0,0.094,9.604000000000001
59601508,1,0,0.015,0.015,-0.007,-0.001,0.0,-0.0205,0.0205,14.06,0.0005,62760.0,0.0439,0.0,4010.0,61600.0,0.029,0.47690000000000005,0.47600000000000003,0.0,-0.028,0.0,-0.041,9.624
59605534,1,0,0.014,-0.037,-0.002,-0.002,0.0,-0.020800000000000003,0.020800000000000003,14.06,0.0008,62760.0,0.0439,0.0,8036.0,61728.0,0.029400000000000003,0.4766,0.47600000000000003,0.0,-0.029,0.0,0.153,9.624
59608374,1,0,0.014,0.028,-0.009000000000000001,-0.002,0.0,-0.022500000000000003,0.022500000000000003,14.06,0.0008,62760.0,0.0473,0.0,10876.0,61600.0,0.0318,0.4766,0.47600000000000003,0.0,-0.029,0.0,-0.004,9.624
59612377,1,0,0.008,0.001,0.0,-0.002,0.0,-0.023200000000000002,0.023200000000000002,14.06,0.001,62632.0,0.0507,0.0,14879.0,61600.0,0.0328,0.4766,0.47600000000000003,0.0,-0.029,0.0,0.14400000000000002,9.624
59616423,1,0,0.01,-0.052000000000000005,0.006,-0.002,0.0,-0.020800000000000003,0.020800000000000003,14.06,0.0009000000000000001,62760.0,0.0439,0.0,0.0,61600.0,0.029400000000000003,0.4767,0.47700000000000004,0.0,-0.02,0.0,0.012,9.624
59621428,1,0,-0.005,0.045,-0.002,-0.002,0.0,-0.022600000000000002,0.022600000000000002,14.06,0.0009000000000000001,62632.0,0.0473,0.0,5005.0,61728.0,0.032,0.4767,0.47700000000000004,0.0,-0.02,0.0,0.005,9.620000000000001
59623715,1,0,0.006,-0.033,0.01,-0.002,0.0,-0.024300000000000002,0.024300000000000002,14.06,0.0009000000000000001,62760.0,0.0507,0.0,7292.0,61856.0,0.034300000000000004,0.4767,0.47700000000000004,0.0,-0.02,0.0,0.108,9.620000000000001
59628552,1,0,-0.011,0.065,0.0,-0.002,0.0,-0.024,0.024,14.06,0.0009000000000000001,62892.0,0.0507,0.0,12129.0,61728.0,0.0339,0.4772,0.47800000000000004,0.0,-0.007,0.0,-0.031,9.620000000000001
59633507,1,0,0.013000000000000001,0.038,0.006,-0.002,0.0,-0.0211,0.0211,14.06,0.0009000000000000001,62760.0,0.0439,0.0,17084.0,61856.0,0.029900000000000003,0.4772,0.47800000000000004,0.0,-0.007,0.0,-0.001,9.620000000000001
59638393,1,0,-0.008,-0.024,0.015,-0.002,0.0,-0.0275,0.0275,14.06,0.0008,63024.0,0.0574,0.0,0.0,61728.0,0.038900000000000004,0.4778,0.47900000000000004,0.0,0.007,0.0,0.111,9.620000000000001
59640510,1,0,-0.009000000000000001,0.063,0.001,-0.001,0.0,-0.026000000000000002,0.026000000000000002,14.06,0.0007,62632.0,0.0574,0.0,2117.0,61348.0,0.0368,0.4778,0.47900000000000004,0.0,0.007,0.0,-0.018000000000000002,9.620000000000001
59645398,1,0,0.0,-0.045,0.013000000000000001,-0.002,0.0,-0.0218,0.0218,14.06,0.0007,62760.0,0.0473,0.0,7005.0,61600.0,0.0308,0.47790000000000005,0.47800000000000004,0.0,0.007,0.0,0.112,9.67
59649399,1,0,-0.006,0.004,0.006,-0.001,0.0,-0.0251,0.0251,14.06,0.0006000000000000001,62760.0,0.054,0.0,11006.0,61728.0,0.035500000000000004,0.47790000000000005,0.47800000000000004,0.0,0.007,0.0,-0.052000000000000005,9.67
59653509,1,0,-0.02,0.073,-0.005,-0.001,0.0,-0.0284,0.0284,14.06,0.0006000000000000001,62632.0,0.0608,0.0,15116.0,61476.0,0.040100000000000004,0.47790000000000005,0.47800000000000004,0.0,0.007,0.0,0.158,9.67
59656452,1,0,-0.01,-0.006,0.0,-0.001,0.0,-0.027200000000000002,0.027200000000000002,14.06,0.0004,62632.0,0.0574,0.0,0.0,61728.0,0.0385,0.4776,0.47700000000000004,0.0,-0.001,0.0,-0.005,9.67
59660553,1,0,-0.02,0.004,-0.001,-0.001,0.0,-0.024900000000000002,0.024900000000000002,14.06,0.0006000000000000001,62632.0,0.054,0.0,4101.0,61476.0,0.035300000000000005,0.4776,0.47700000000000004,0.0,-0.001,0.0,0.132,9.67
59665411,1,0,-0.019,-0.011,0.001,-0.001,0.0,-0.0275,0.0274,14.06,0.0004,62760.0,0.0574,0.0,8959.0,61728.0,0.0388,0.47740000000000005,0.47700000000000004,0.0,-0.005,0.0,0.162,9.647
59669532,1,0,-0.005,0.03,-0.003,0.0,0.0,-0.027700000000000002,0.027700000000000002,14.06,0.0,62760.0,0.0608,0.0,13080.0,61476.0,0.0391,0.47740000000000005,0.47700000000000004,0.0,-0.005,0.0,-0.081,9.647
59672416,1,0,-0.025,-0.013000000000000001,-0.003,0.0,0.0,-0.0262,0.0262,14.06,0.0,62632.0,0.0574,0.0,15964.0,61728.0,0.0371,0.47740000000000005,0.47700000000000004,0.0,-0.005,0.0,0.162,9.647
59676464,1,0,-0.011,0.017,-0.002,0.001,0.0,-0.0284,0.0284,14.06,-0.00030000000000000003,62632.0,0.0608,0.0,0.0,61348.0,0.0402,0.47690000000000005,0.47600000000000003,0.0,-0.013000000000000001,0.0,-0.088,9.647
59680510,1,0,-0.031,0.089,-0.007,0.001,0.0,-0.0296,0.0296,14.06,-0.0004,62760.0,0.06420000000000001,0.0,4046.0,61476.0,0.0419,0.47690000000000005,0.47600000000000003,0.0,-0.013000000000000001,0.0,0.117,9.647
59685425,1,0,-0.017,-0.031,0.01,0.001,0.0,-0.027200000000000002,0.027200000000000002,14.06,-0.0005,62632.0,0.0574,0.0,8961.0,61856.0,0.038400000000000004,0.47690000000000005,0.47700000000000004,0.0,-0.01,0.0,0.011,9.605
59689533,1,0,-0.012,0.044,-0.001,0.002,0.0,-0.0287,0.0287,14.06,-0.0008,62632.0,0.0608,0.0,13069.0,61476.0,0.040600000000000004,0.47690000000000005,0.47700000000000004,0.0,-0.01,0.0,-0.306,9.605
59692551,1,0,-0.008,-0.023,0.012,0.002,0.0,-0.030100000000000002,0.030100000000000002,14.06,-0.0007,62760.0,0.06420000000000001,0.0,16087.0,61856.0,0.0426,0.47690000000000005,0.47700000000000004,0.0,-0.01,0.0,-0.06,9.605
59697439,1,0,-0.012,-0.031,0.006,0.002,0.0,-0.029500000000000002,0.029500000000000002,14.06,-0.001,62632.0,0.06420000000000001,0.0,0.0,61600.0,0.041800000000000004,0.47700000000000004,0.47700000000000004,0.0,-0.007,0.0,-0.08600000000000001,9.605
59702437,1,0,-0.02,0.082,-0.008,0.003,0.0,-0.031,0.031,14.06,-0.0012000000000000001,62632.0,0.0675,0.0,4998.0,61600.0,0.0438,0.47700000000000004,0.47700000000000004,0.0,-0.007,0.0,-0.075,9.605
59704462,1,0,-0.012,-0.011,0.002,0.002,0.0,-0.0317,0.0317,14.05,-0.0012000000000000001,62632.0,0.0675,0.0,7023.0,61600.0,0.0449,0.4773,0.47800000000000004,0.0,0.001,0.0,-0.017,9.627
59708506,1,0,-0.041,0.099,-0.01,0.003,0.0,-0.031200000000000002,0.031200000000000002,14.05,-0.0014,62632.0,0.0675,0.0,11067.0,61728.0,0.0442,0.4773,0.47800000000000004,0.0,0.001,0.0,0.032,9.627
59713443,1,0,-0.032,0.063,-0.006,0.003,0.0,-0.030100000000000002,0.030100000000000002,14.05,-0.0014,62760.0,0.06420000000000001,0.0,16004.0,61476.0,0.0425,0.4773,0.47800000000000004,0.0,0.001,0.0,0.084,9.627
59717448,1,0,-0.01,0.005,-0.004,0.003,0.0,-0.032600000000000004,0.032600000000000004,14.05,-0.0017000000000000001,62632.0,0.0709,0.0,0.0,61476.0,0.0461,0.4776,0.47800000000000004,0.0,0.006,0.0,-0.231,9.627
59722451,1,0,-0.006,0.082,-0.009000000000000001,0.004,0.0,-0.030500000000000003,0.030500000000000003,14.05,-0.002,62632.0,0.06420000000000001,0.0,5003.0,61728.0,0.0431,0.4776,0.47800000000000004,0.0,0.006,0.0,-0.137,9.627
59724553,1,0,0.005,0.033,-0.001,0.004,0.0,-0.031400000000000004,0.031400000000000004,14.05,-0.002,62632.0,0.0675,0.0,7105.0,61856.0,0.0444,0.4776,0.47800000000000004,0.0,0.006,0.0,-0.147,9.627
59729509,1,0,0.006,0.073,-0.012,0.005,0.0,-0.033100000000000004,0.033100000000000004,14.05,-0.0023,62632.0,0.0709,0.0,12061.0,61856.0,0.0468,0.4777,0.47800000000000004,0.0,0.008,0.0,-0.145,9.672
59732458,1,0,-0.025,-0.009000000000000001,0.006,0.004,0.0,-0.0318,0.0318,14.05,-0.0022,62632.0,0.0675,0.0,15010.0,61476.0,0.045000000000000005,0.4777,0.47800000000000004,0.0,0.008,0.0,0.065,9.672
59736507,1,0,0.012,0.068,-0.003,0.005,0.0,-0.034300000000000004,0.034300000000000004,14.05,-0.0024000000000000002,62632.0,0.0743,0.0,0.0,61600.0,0.0485,0.47750000000000004,0.47700000000000004,0.0,0.001,0.0,-0.341,9.672
59740508,1,0,-0.044,0.065,-0.002,0.005,0.0,-0.0342,0.0342,14.05,-0.0025,62500.0,0.0743,0.0,4001.0,61728.0,0.048400000000000006,0.47750000000000004,0.47700000000000004,0.0,0.001,0.0,0.11800000000000001,9.672
59745466,1,0,-0.02,-0.01,0.01,0.006,0.0,-0.0345,0.0344,14.05,-0.0027,62632.0,0.0743,0.0,8959.0,61856.0,0.0487,0.4766,0.47500000000000003,0.0,-0.016,0.0,0.154,9.672
59749509,1,0,-0.012,0.067,0.002,0.006,0.0,-0.0344,0.0344,14.05,-0.0031000000000000003,62632.0,0.0743,0.0,13002.0,61728.0,0.048600000000000004,0.4766,0.47500000000000003,0.0,-0.016,0.0,-0.008,9.637
59754496,1,0,-0.056,0.049,0.004,0.007,0.0,-0.0329,0.0329,14.05,-0.0032,62500.0,0.0709,0.0,17989.0,61728.0,0.0465,0.47500000000000003,0.47200000000000003,0.0,-0.045,0.0,0.232,9.637
59756553,1,0,-0.04,0.062,0.002,0.007,0.0,-0.033600000000000005,0.033600000000000005,14.05,-0.0033,62632.0,0.0709,0.0,0.0,61728.0,0.0475,0.47500000000000003,0.47200000000000003,0.0,-0.045,0.0,0.049,9.637
59761526,1,0,-0.042,0.054,0.006,0.007,0.0,-0.033800000000000004,0.033800000000000004,14.05,-0.0035,62632.0,0.0743,0.0,4973.0,61600.0,0.0478,0.47500000000000003,0.47200000000000003,0.0,-0.045,0.0,-0.20600000000000002,9.637
59764505,1,0,-0.01,-0.014,0.005,0.007,0.0,-0.033800000000000004,0.033800000000000004,14.05,-0.0036000000000000003,62760.0,0.0743,0.0,7952.0,61476.0,0.0478,0.47500000000000003,0.47500000000000003,0.0,-0.036000000000000004,0.0,-0.356,9.637
59769482,1,0,-0.027,0.048,0.0,0.008,0.0,-0.0363,0.0362,14.05,-0.0039000000000000003,62760.0,0.0777,0.0,12929.0,61728.0,0.051300000000000005,0.47500000000000003,0.47500000000000003,0.0,-0.036000000000000004,0.0,-0.313,9.661
59773721,1,0,-0.061,0.006,0.002,0.008,0.0,-0.034300000000000004,0.0342,14.05,-0.0041,62632.0,0.0743,0.0,17168.0,61600.0,0.048400000000000006,0.47500000000000003,0.47500000000000003,0.0,-0.036000000000000004,0.0,0.077,9.661
59776535,1,0,-0.021,0.038,0.0,0.009000000000000001,0.0,-0.0352,0.0352,14.05,-0.0043,62500.0,0.0743,0.0,0.0,61476.0,0.049800000000000004,0.47600000000000003,0.47800000000000004,0.0,-0.008,0.0,-0.059000000000000004,9.661
59781544,1,0,-0.05,0.041,-0.001,0.009000000000000001,0.0,-0.0351,0.0351,14.05,-0.0045000000000000005,62632.0,0.0743,0.0,5009.0,61856.0,0.0497,0.47600000000000003,0.47800000000000004,0.0,-0.008,0.0,0.28800000000000003,9.661
59784519,1,0,-0.022,-0.015,0.007,0.01,0.0,-0.033800000000000004,0.033800000000000004,14.05,-0.0046,62632.0,0.0743,0.0,7984.0,61600.0,0.047900000000000005,0.47600000000000003,0.47600000000000003,0.0,-0.007,0.0,0.046,9.661
59789360,1,0,-0.037,0.055,-0.01,0.01,0.0,-0.0359,0.0359,14.05,-0.0047,62760.0,0.0776,0.0,12825.0,61728.0,0.050800000000000005,0.47600000000000003,0.47600000000000003,0.0,-0.007,0.0,-0.027,9.618
59794526,1,0,-0.053,0.027,-0.001,0.01,0.0,-0.0346,0.0346,14.05,-0.0049,62632.0,0.0743,0.0,17991.0,61600.0,0.0489,0.47500000000000003,0.47300000000000003,0.0,-0.026000000000000002,0.0,-0.037,9.618
59796548,1,0,-0.014,0.039,-0.003,0.011,0.0,-0.0359,0.0359,14.05,-0.0051,62632.0,0.0776,0.0,0.0,61600.0,0.0507,0.47500000000000003,0.47300000000000003,0.0,-0.026000000000000002,0.0,-0.241,9.618
59801552,1,0,-0.04,0.03,0.003,0.011,0.0,-0.0351,0.0351,14.05,-0.0053,62632.0,0.0743,0.0,5004.0,61856.0,0.0497,0.47500000000000003,0.47300000000000003,0.0,-0.026000000000000002,0.0,0.084,9.618
59804533,1,0,-0.006,-0.006,0.008,0.011,0.0,-0.033800000000000004,0.0337,14.05,-0.0053,62632.0,0.0709,0.0,7985.0,61476.0,0.0477,0.47500000000000003,0.47500000000000003,0.0,-0.021,0.0,-0.078,9.618
59809510,1,0,-0.014,0.038,0.002,0.011,0.0,-0.0359,0.0359,14.05,-0.0055000000000000005,62632.0,0.0776,0.0,12962.0,61600.0,0.050800000000000005,0.47500000000000003,0.47500000000000003,0.0,-0.021,0.0,-0.07100000000000001,9.616
59814538,1,0,-0.036000000000000004,0.012,0.003,0.012,0.0,-0.033800000000000004,0.033800000000000004,14.05,-0.0055000000000000005,62632.0,0.0726,0.0,17990.0,61476.0,0.0478,0.4757,0.47700000000000004,0.0,-0.003,0.0,0.028,9.616
59816562,1,0,0.006,0.033,-0.004,0.012,0.0,-0.0339,0.0339,14.05,-0.0056,62632.0,0.0743,0.0,0.0,61476.0,0.048,0.4757,0.47700000000000004,0.0,-0.003,0.0,-0.258,9.616
59821702,1,0,-0.028,0.017,0.006,0.012,0.0,-0.0341,0.0341,14.05,-0.0057,62632.0,0.0743,0.0,5140.0,61728.0,0.0483,0.4757,0.47700000000000004,0.0,-0.003,0.0,-0.018000000000000002,9.616
59823720,1,0,0.015,0.012,0.006,0.012,0.0,-0.0327,0.0327,14.05,-0.0057,62632.0,0.0709,0.0,7158.0,61476.0,0.046200000000000005,0.4757,0.47700000000000004,0.0,-0.003,0.0,-0.212,9.616
59829524,1,0,0.013000000000000001,0.03,-0.004,0.012,0.0,-0.0333,0.0332,14.05,-0.0058000000000000005,62500.0,0.0709,0.0,12962.0,61728.0,0.047,0.4758,0.47600000000000003,0.0,0.0,0.0,-0.08600000000000001,9.633000000000001
59834553,1,0,-0.023,-0.008,0.002,0.012,0.0,-0.031200000000000002,0.031200000000000002,14.05,-0.0058000000000000005,62760.0,0.0675,0.0,17991.0,61728.0,0.0441,0.4752,0.47400000000000003,0.0,-0.013000000000000001,0.0,0.002,9.633000000000001
59836574,1,0,0.018000000000000002,0.019,-0.003,0.012,0.0,-0.032100000000000004,0.032100000000000004,14.05,-0.0058000000000000005,62632.0,0.0675,0.0,0.0,61476.0,0.0454,0.4752,0.47400000000000003,0.0,-0.013000000000000001,0.0,-0.248,9.633000000000001
59841579,1,0,-0.012,0.005,-0.011,0.012,0.0,-0.032100000000000004,0.032100000000000004,14.05,-0.0057,62760.0,0.0675,0.0,5005.0,61856.0,0.0454,0.4752,0.47400000000000003,0.0,-0.013000000000000001,0.0,-0.157,9.633000000000001
59844558,1,0,0.037,0.0,-0.01,0.012,0.0,-0.0304,0.0303,14.05,-0.0057,62632.0,0.0641,0.0,7984.0,61728.0,0.0429,0.4751,0.47500000000000003,0.0,-0.011,0.0,-0.392,9.633000000000001
59849537,1,0,0.022,0.016,-0.005,0.012,0.0,-0.031,0.0309,14.05,-0.0057,62632.0,0.0675,0.0,12963.0,61600.0,0.0438,0.4751,0.47500000000000003,0.0,-0.011,0.0,-0.185,9.657
59853715,1,0,0.005,-0.021,-0.003,0.012,0.0,-0.0298,0.0298,14.05,-0.0056,62632.0,0.0641,0.0,17141.0,61600.0,0.042100000000000005,0.4751,0.47500000000000003,0.0,-0.011,0.0,-0.001,9.657
59856588,1,0,0.039,-0.005,-0.01,0.011,0.0,-0.0281,0.0281,14.05,-0.0055000000000000005,62760.0,0.0608,0.0,0.0,61728.0,0.0397,0.47540000000000004,0.47600000000000003,0.0,-0.003,0.0,-0.126,9.657
59861592,1,0,0.007,-0.009000000000000001,0.005,0.011,0.0,-0.0304,0.0303,14.05,-0.0054,62632.0,0.0641,0.0,5004.0,61600.0,0.0429,0.47540000000000004,0.47600000000000003,0.0,-0.003,0.0,-0.061,9.657
59864572,1,0,0.054,0.016,-0.006,0.011,0.0,-0.029900000000000003,0.029900000000000003,14.05,-0.0053,62760.0,0.0641,0.0,7984.0,61600.0,0.0422,0.47600000000000003,0.47700000000000004,0.0,0.009000000000000001,0.0,-0.318,9.657
59869551,1,0,0.04,-0.025,-0.003,0.011,0.0,-0.0267,0.0267,14.05,-0.0051,62760.0,0.0574,0.0,12963.0,61600.0,0.0378,0.47600000000000003,0.47700000000000004,0.0,0.009000000000000001,0.0,-0.14200000000000002,9.616
59871598,1,0,0.055,0.011,-0.004,0.011,0.0,-0.0279,0.0279,14.05,-0.0051,62760.0,0.0608,0.0,15010.0,61600.0,0.039400000000000004,0.47600000000000003,0.47700000000000004,0.0,0.009000000000000001,0.0,-0.26,9.616
59876601,1,0,0.04,-0.008,0.002,0.01,0.0,-0.029400000000000003,0.029400000000000003,14.05,-0.0049,62632.0,0.0641,0.0,0.0,61600.0,0.041600000000000005,0.4767,0.47800000000000004,0.0,0.021,0.0,-0.082,9.616
59881605,1,0,0.017,-0.066,0.005,0.01,0.0,-0.0251,0.0251,14.05,-0.0047,62632.0,0.054,0.0,5004.0,61476.0,0.035500000000000004,0.4767,0.47800000000000004,0.0,0.021,0.0,0.044,9.616
59884553,1,0,0.049,-0.028,-0.002,0.01,0.0,-0.0257,0.0257,14.05,-0.0046,62760.0,0.054,0.0,7952.0,61856.0,0.0363,0.4767,0.47800000000000004,0.0,0.021,0.0,-0.064,9.616
59889564,1,0,0.042,-0.035,0.006,0.009000000000000001,0.0,-0.0274,0.0274,14.05,-0.0044,62632.0,0.0574,0.0,12963.0,61600.0,0.038700000000000005,0.4771,0.47800000000000004,0.0,0.026000000000000002,0.0,-0.169,9.665000000000001
59891612,1,0,0.058,0.004,-0.003,0.009000000000000001,0.0,-0.0258,0.0258,14.05,-0.0044,62760.0,0.054,0.0,15011.0,61348.0,0.036500000000000005,0.4771,0.47800000000000004,0.0,0.026000000000000002,0.0,-0.302,9.665000000000001
59896615,1,0,0.052000000000000005,-0.06,0.0,0.008,0.0,-0.023,0.023,14.05,-0.0041,62760.0,0.0506,0.0,0.0,61600.0,0.0325,0.47740000000000005,0.47800000000000004,0.0,0.027,0.0,-0.109,9.665000000000001
59901618,1,0,0.031,-0.053,0.009000000000000001,0.008,0.0,-0.0256,0.025500000000000002,14.05,-0.0038,62760.0,0.054,0.0,5003.0,61600.0,0.0361,0.47740000000000005,0.47800000000000004,0.0,0.027,0.0,0.013000000000000001,9.665000000000001
59904599,1,0,0.046,-0.001,-0.005,0.008,0.0,-0.0258,0.0258,14.05,-0.0037,62632.0,0.054,0.0,7984.0,61476.0,0.036500000000000005,0.4766,0.47500000000000003,0.0,0.004,0.0,-0.14200000000000002,9.665000000000001
59909578,1,0,0.043000000000000003,-0.098,0.004,0.007,0.0,-0.0216,0.0216,14.05,-0.0034000000000000002,62760.0,0.0473,0.0,12963.0,61476.0,0.030500000000000003,0.4766,0.47500000000000003,0.0,0.004,0.0,-0.049,9.647
59911626,1,0,0.032,-0.026000000000000002,0.0,0.007,0.0,-0.0221,0.0221,14.05,-0.0033,62760.0,0.0473,0.0,15011.0,61476.0,0.0313,0.4766,0.47500000000000003,0.0,0.004,0.0,-0.203,9.647
59917756,1,0,0.044,-0.025,-0.002,0.007,0.0,-0.025,0.025,14.05,-0.0031000000000000003,62760.0,0.054,0.0,0.0,61728.0,0.035300000000000005,0.47500000000000003,0.47200000000000003,0.0,-0.029,0.0,-0.048,9.647
59920585,1,0,-0.023,-0.031,-0.003,0.007,0.0,-0.024300000000000002,0.024300000000000002,14.05,-0.0032,62760.0,0.0506,0.0,2829.0,61600.0,0.0344,0.47500000000000003,0.47200000000000003,0.0,-0.029,0.0,-0.055,9.647
59924852,1,0,0.024,-0.052000000000000005,0.001,0.006,0.0,-0.0217,0.0217,14.05,-0.0029000000000000002,63024.0,0.0473,0.0,7096.0,61600.0,0.0308,0.4746,0.47400000000000003,0.0,-0.03,0.0,0.005,9.647
59927590,1,0,-0.016,-0.06,0.006,0.006,0.0,-0.020300000000000002,0.020300000000000002,14.05,-0.0029000000000000002,62760.0,0.0439,0.0,9834.0,61600.0,0.0287,0.4746,0.47400000000000003,0.0,-0.03,0.0,0.027,9.647
59931638,1,0,0.014,-0.019,0.005,0.005,0.0,-0.023700000000000002,0.023700000000000002,14.05,-0.0026000000000000003,62760.0,0.0506,0.0,13882.0,61476.0,0.033600000000000005,0.4746,0.47400000000000003,0.0,-0.03,0.0,0.048,9.61
59936641,1,0,0.006,-0.066,0.007,0.005,0.0,-0.0236,0.0236,14.05,-0.0025,62760.0,0.0506,0.0,0.0,61476.0,0.0334,0.4751,0.47600000000000003,0.0,-0.014,0.0,0.116,9.61
59939598,1,0,0.002,0.003,0.001,0.005,0.0,-0.023100000000000002,0.023100000000000002,14.05,-0.0025,62760.0,0.0506,0.0,2957.0,61348.0,0.0327,0.4751,0.47600000000000003,0.0,-0.014,0.0,-0.10400000000000001,9.61
59944626,1,0,0.005,-0.039,0.006,0.005,0.0,-0.0216,0.0216,14.05,-0.0024000000000000002,62632.0,0.0473,0.0,7985.0,61600.0,0.030600000000000002,0.4758,0.47700000000000004,0.0,0.002,0.0,0.051000000000000004,9.61
59949708,1,0,0.011,-0.069,0.0,0.005,0.0,-0.023700000000000002,0.023700000000000002,14.05,-0.0023,62760.0,0.0506,0.0,13067.0,61476.0,0.033600000000000005,0.4758,0.47700000000000004,0.0,0.002,0.0,0.07,9.61
59952605,1,0,-0.005,0.035,-0.01,0.005,0.0,-0.0245,0.0245,14.05,-0.0022,62632.0,0.054,0.0,15964.0,61600.0,0.0347,0.4758,0.47700000000000004,0.0,0.002,0.0,-0.025,9.616
59956655,1,0,0.007,-0.08700000000000001,-0.003,0.004,0.0,-0.0218,0.0217,14.05,-0.002,62632.0,0.0473,0.0,0.0,61600.0,0.0308,0.4766,0.47800000000000004,0.0,0.017,0.0,0.049,9.616
59959609,1,0,-0.014,-0.002,-0.011,0.004,0.0,-0.020200000000000003,0.020200000000000003,14.05,-0.0019,62760.0,0.0439,0.0,2954.0,61348.0,0.0286,0.4766,0.47800000000000004,0.0,0.017,0.0,-0.078,9.616
59964638,1,0,0.007,-0.021,-0.006,0.003,0.0,-0.0224,0.0224,14.05,-0.0017000000000000001,62632.0,0.0473,0.0,7983.0,61476.0,0.0317,0.47640000000000005,0.47600000000000003,0.0,0.01,0.0,0.085,9.616
59969624,1,0,0.027,-0.069,-0.002,0.003,0.0,-0.022500000000000003,0.022500000000000003,14.05,-0.0016,62632.0,0.0473,0.0,12969.0,61476.0,0.0318,0.47640000000000005,0.47600000000000003,0.0,0.01,0.0,0.105,9.616
59971668,1,0,0.017,-0.022,-0.011,0.003,0.0,-0.0204,0.0204,14.05,-0.0015,62760.0,0.0439,0.0,15013.0,61600.0,0.028800000000000003,0.47640000000000005,0.47600000000000003,0.0,0.01,0.0,0.138,9.669
59976667,1,0,0.029,-0.1,0.01,0.003,0.0,-0.019,0.019,14.05,-0.0012000000000000001,62760.0,0.0405,0.0,0.0,61476.0,0.0269,0.47550000000000003,0.47400000000000003,0.0,-0.009000000000000001,0.0,0.07200000000000001,9.669
59979624,1,0,0.012,0.028,0.0,0.002,0.0,-0.0205,0.0205,14.05,-0.0012000000000000001,62632.0,0.0439,0.0,2957.0,61476.0,0.029,0.47550000000000003,0.47400000000000003,0.0,-0.009000000000000001,0.0,-0.033,9.669
59984652,1,0,0.039,-0.028,0.003,0.002,0.0,-0.021500000000000002,0.021500000000000002,14.05,-0.001,62760.0,0.0473,0.0,7985.0,61600.0,0.0304,0.4746,0.47300000000000003,0.0,-0.025,0.0,0.074,9.669
59989632,1,0,0.013000000000000001,-0.095,0.019,0.002,0.0,-0.019700000000000002,0.019700000000000002,14.05,-0.0009000000000000001,62632.0,0.0439,0.0,12965.0,61476.0,0.027800000000000002,0.4746,0.47300000000000003,0.0,-0.025,0.0,0.058,9.669
59991680,1,0,0.025,-0.032,0.014,0.002,0.0,-0.0204,0.0204,14.05,-0.0008,62632.0,0.0439,0.0,15013.0,61600.0,0.028800000000000003,0.4746,0.47300000000000003,0.0,-0.025,0.0,0.14200000000000002,9.649000000000001
59996678,1,0,0.015,-0.06,0.007,0.001,0.0,-0.022600000000000002,0.022600000000000002,14.05,-0.0007,62760.0,0.0473,0.0,0.0,61856.0,0.031900000000000005,0.4741,0.47300000000000003,0.0,-0.031,0.0,0.17300000000000001,9.649000000000001
59999638,1,0,0.006,0.061,-0.003,0.001,0.0,-0.0246,0.0246,14.05,-0.0007,62632.0,0.054,0.0,2960.0,61600.0,0.034800000000000005,0.4741,0.47300000000000003,0.0,-0.031,0.0,0.08600000000000001,9.649000000000001
60003678,1,0,0.006,-0.09,0.007,0.001,0.0,-0.02,0.02,14.05,-0.0005,62500.0,0.0439,0.0,7000.0,61600.0,0.028300000000000002,0.4741,0.47300000000000003,0.0,-0.031,0.0,0.114,9.649000000000001
60009644,1,0,0.019,-0.053,0.002,0.001,0.0,-0.0218,0.0218,14.05,-0.0005,62632.0,0.0473,0.0,12966.0,61476.0,0.0309,0.4737,0.47300000000000003,0.0,-0.033,0.0,-0.045,9.649000000000001
60011684,1,0,-0.001,0.002,-0.004,0.001,0.0,-0.024,0.024,14.05,-0.0005,62892.0,0.0506,0.0,15006.0,61476.0,0.0339,0.4737,0.47300000000000003,0.0,-0.033,0.0,0.046,9.615
60016684,1,0,0.007,-0.058,0.002,0.001,0.0,-0.0241,0.0241,14.05,-0.0006000000000000001,62760.0,0.0506,0.0,0.0,61476.0,0.0341,0.47350000000000003,0.47300000000000003,0.0,-0.031,0.0,-0.02,9.615
60019652,1,0,-0.009000000000000001,0.033,-0.01,0.001,0.0,-0.0221,0.0221,14.05,-0.0007,62760.0,0.0473,0.0,2968.0,61600.0,0.0313,0.47350000000000003,0.47300000000000003,0.0,-0.031,0.0,0.058,9.615
60024552,1,0,0.003,-0.045,0.0,0.001,0.0,-0.025400000000000002,0.025400000000000002,14.05,-0.0007,62892.0,0.054,0.0,7868.0,61600.0,0.0359,0.47350000000000003,0.47300000000000003,0.0,-0.031,0.0,0.138,9.615
60028656,1,0,-0.003,0.013000000000000001,-0.006,0.002,0.0,-0.0281,0.0281,14.05,-0.0008,62632.0,0.0608,0.0,11972.0,61600.0,0.0397,0.47290000000000004,0.47200000000000003,0.0,-0.035,0.0,-0.147,9.615
60032661,1,0,0.006,0.025,-0.003,0.001,0.0,-0.023,0.023,14.05,-0.0006000000000000001,62760.0,0.0506,0.0,15977.0,61728.0,0.0325,0.47290000000000004,0.47200000000000003,0.0,-0.035,0.0,0.021,9.597
60036743,1,0,0.014,-0.044,0.006,0.001,0.0,-0.025400000000000002,0.025400000000000002,14.05,-0.0005,62760.0,0.054,0.0,0.0,61476.0,0.0359,0.47300000000000003,0.47300000000000003,0.0,-0.028,0.0,-0.017,9.597
60039663,1,0,0.035,0.082,-0.003,0.001,0.0,-0.0264,0.0264,14.05,-0.0005,62632.0,0.0574,0.0,2920.0,61856.0,0.0374,0.47300000000000003,0.47300000000000003,0.0,-0.028,0.0,0.031,9.597
60044553,1,0,0.018000000000000002,-0.046,0.013000000000000001,0.001,0.0,-0.025400000000000002,0.025400000000000002,14.05,-0.0004,62760.0,0.054,0.0,7810.0,61348.0,0.0359,0.47300000000000003,0.47300000000000003,0.0,-0.028,0.0,0.177,9.597
60048670,1,0,0.05,0.019,0.016,0.001,0.0,-0.0252,0.0252,14.05,-0.00030000000000000003,62760.0,0.054,0.0,11927.0,61476.0,0.0356,0.47300000000000003,0.47300000000000003,0.0,-0.022,0.0,0.054,9.597
60052675,1,0,0.014,0.073,0.014,0.0,0.0,-0.0269,0.0269,14.05,-0.0001,62632.0,0.0574,0.0,15932.0,61728.0,0.038,0.47300000000000003,0.47300000000000003,0.0,-0.022,0.0,0.338,9.616
60056752,1,0,0.024,-0.031,0.018000000000000002,0.0,0.0,-0.0275,0.0275,14.05,0.0,62760.0,0.060700000000000004,0.0,0.0,61600.0,0.038900000000000004,0.4737,0.47500000000000003,0.0,-0.003,0.0,0.124,9.616
60059676,1,0,-0.004,0.059000000000000004,-0.002,0.0,0.0,-0.0261,0.0261,14.05,0.0,62760.0,0.0574,0.0,2924.0,61600.0,0.0369,0.4737,0.47500000000000003,0.0,-0.003,0.0,0.061,9.616
60064679,1,0,-0.007,-0.014,0.016,0.0,0.0,-0.0279,0.0279,14.05,-0.0001,62632.0,0.060700000000000004,0.0,7927.0,61600.0,0.039400000000000004,0.47450000000000003,0.47600000000000003,0.0,0.014,0.0,0.078,9.616
60069678,1,0,0.011,0.001,0.008,0.001,0.0,-0.0297,0.0297,14.05,-0.0005,62760.0,0.0641,0.0,12926.0,61476.0,0.042,0.47450000000000003,0.47600000000000003,0.0,0.014,0.0,-0.083,9.616
60071770,1,0,-0.001,-0.017,0.009000000000000001,0.001,0.0,-0.026500000000000003,0.026500000000000003,14.05,-0.0005,62632.0,0.0574,0.0,15018.0,61600.0,0.0375,0.47450000000000003,0.47600000000000003,0.0,0.014,0.0,0.112,9.616
60076552,1,0,0.014,0.025,0.001,0.001,0.0,-0.0263,0.0263,14.040000000000001,-0.0007,62760.0,0.0574,0.0,0.0,61728.0,0.037200000000000004,0.4747,0.47500000000000003,0.0,0.014,0.0,-0.125,9.611
60081552,1,0,-0.025,0.079,-0.006,0.002,0.0,-0.0307,0.030600000000000002,14.040000000000001,-0.0009000000000000001,62632.0,0.0675,0.0,5000.0,61476.0,0.043300000000000005,0.4747,0.47500000000000003,0.0,0.014,0.0,-0.14100000000000001,9.611
60083726,1,0,-0.002,-0.028,-0.002,0.002,0.0,-0.0286,0.0286,14.040000000000001,-0.001,62760.0,0.060700000000000004,0.0,7174.0,61600.0,0.040400000000000005,0.4747,0.47500000000000003,0.0,0.014,0.0,-0.124,9.611
60088554,1,0,-0.018000000000000002,0.046,-0.005,0.002,0.0,-0.0269,0.0269,14.040000000000001,-0.0011,62500.0,0.0574,0.0,12002.0,61476.0,0.0381,0.47440000000000004,0.47400000000000003,0.0,0.007,0.0,-0.08700000000000001,9.611
60092733,1,0,-0.034,0.045,-0.001,0.003,0.0,-0.0322,0.032100000000000004,14.040000000000001,-0.0012000000000000001,62632.0,0.0675,0.0,16181.0,61600.0,0.0455,0.47440000000000004,0.47400000000000003,0.0,0.007,0.0,0.255,9.611
60096789,1,0,-0.03,-0.027,-0.002,0.003,0.0,-0.0303,0.0303,14.040000000000001,-0.0014,62760.0,0.0641,0.0,0.0,61476.0,0.0429,0.4743,0.47400000000000003,0.0,0.002,0.0,0.039,9.649000000000001
60101555,1,0,-0.048,0.054,-0.005,0.003,0.0,-0.031200000000000002,0.031100000000000003,14.040000000000001,-0.0015,62892.0,0.0675,0.0,4766.0,61348.0,0.0441,0.4743,0.47400000000000003,0.0,0.002,0.0,0.054,9.649000000000001
60103784,1,0,-0.037,-0.024,0.0,0.003,0.0,-0.0318,0.0318,14.040000000000001,-0.0016,62500.0,0.0675,0.0,6995.0,61600.0,0.0449,0.4743,0.47400000000000003,0.0,0.002,0.0,-0.13,9.649000000000001
60109677,1,0,-0.017,0.047,-0.004,0.004,0.0,-0.0322,0.0322,14.040000000000001,-0.0019,63024.0,0.0709,0.0,12888.0,61476.0,0.0456,0.4742,0.47400000000000003,0.0,0.0,0.0,-0.34,9.649000000000001
60111786,1,0,-0.051000000000000004,-0.027,-0.001,0.004,0.0,-0.030100000000000002,0.030100000000000002,14.040000000000001,-0.0019,62632.0,0.0641,0.0,14997.0,61476.0,0.0426,0.4742,0.47400000000000003,0.0,0.0,0.0,0.029,9.649000000000001
60116553,1,0,-0.008,0.028,0.004,0.004,0.0,-0.0309,0.0309,14.040000000000001,-0.002,62760.0,0.0675,0.0,0.0,61600.0,0.0437,0.47450000000000003,0.47500000000000003,0.0,0.006,0.0,-0.306,9.613
60120752,1,0,-0.013000000000000001,0.061,-0.008,0.005,0.0,-0.0324,0.0324,14.040000000000001,-0.0023,62760.0,0.0709,0.0,4199.0,61348.0,0.0458,0.47450000000000003,0.47500000000000003,0.0,0.006,0.0,-0.009000000000000001,9.613
60124974,1,0,-0.029,-0.026000000000000002,0.011,0.005,0.0,-0.028800000000000003,0.028800000000000003,14.040000000000001,-0.0023,62632.0,0.060700000000000004,0.0,8421.0,61600.0,0.0407,0.47500000000000003,0.47600000000000003,0.0,0.015,0.0,0.138,9.613
60129553,1,0,0.026000000000000002,0.02,-0.007,0.005,0.0,-0.0298,0.0298,14.040000000000001,-0.0024000000000000002,62760.0,0.0641,0.0,13000.0,61600.0,0.042100000000000005,0.47500000000000003,0.47600000000000003,0.0,0.015,0.0,-0.163,9.613
60131807,1,0,-0.03,-0.017,0.009000000000000001,0.005,0.0,-0.030100000000000002,0.030100000000000002,14.040000000000001,-0.0023,62760.0,0.0641,0.0,15254.0,61476.0,0.0425,0.47500000000000003,0.47600000000000003,0.0,0.015,0.0,-0.001,9.613
60136812,1,0,0.007,-0.001,-0.004,0.005,0.0,-0.032100000000000004,0.032100000000000004,14.040000000000001,-0.0024000000000000002,62760.0,0.0675,0.0,0.0,61476.0,0.0454,0.47540000000000004,0.47600000000000003,0.0,0.019,0.0,-0.254,9.585
60141895,1,0,-0.009000000000000001,0.003,-0.002,0.005,0.0,-0.030100000000000002,0.030100000000000002,14.040000000000001,-0.0024000000000000002,62632.0,0.0641,0.0,5083.0,61600.0,0.0426,0.47540000000000004,0.47600000000000003,0.0,0.019,0.0,-0.10200000000000001,9.585
60144553,1,0,-0.01,-0.016,-0.002,0.005,0.0,-0.030600000000000002,0.030600000000000002,14.040000000000001,-0.0024000000000000002,62760.0,0.0641,0.0,7741.0,61224.0,0.0432,0.47540000000000004,0.47600000000000003,0.0,0.019,0.0,-0.123,9.585
60148766,1,0,-0.008,0.029,0.003,0.005,0.0,-0.0328,0.0328,14.040000000000001,-0.0025,62632.0,0.0708,0.0,11954.0,61476.0,0.046400000000000004,0.4756,0.47600000000000003,0.0,0.02,0.0,-0.047,9.585
60152770,1,0,-0.057,-0.012,0.0,0.005,0.0,-0.031100000000000003,0.031100000000000003,14.040000000000001,-0.0026000000000000003,62632.0,0.0675,0.0,15958.0,61476.0,0.044000000000000004,0.4756,0.47600000000000003,0.0,0.02,0.0,0.209,9.585
60156818,1,0,-0.006,-0.019,0.002,0.006,0.0,-0.028,0.028,14.040000000000001,-0.0027,62760.0,0.060700000000000004,0.0,0.0,61476.0,0.0396,0.47640000000000005,0.47800000000000004,0.0,0.033,0.0,-0.209,9.576
60161557,1,0,-0.017,0.007,0.001,0.006,0.0,-0.029900000000000003,0.029900000000000003,14.040000000000001,-0.0028,62760.0,0.0641,0.0,4739.0,61476.0,0.042300000000000004,0.47640000000000005,0.47800000000000004,0.0,0.033,0.0,-0.117,9.576
60163850,1,0,-0.003,0.024,0.002,0.006,0.0,-0.0323,0.0323,14.040000000000001,-0.0028,62760.0,0.0708,0.0,7032.0,61600.0,0.045700000000000005,0.4773,0.47900000000000004,0.0,0.044,0.0,-0.251,9.576
60168798,1,0,0.02,0.016,-0.003,0.006,0.0,-0.031,0.0309,14.040000000000001,-0.0029000000000000002,62632.0,0.0675,0.0,11980.0,61476.0,0.0438,0.4773,0.47900000000000004,0.0,0.044,0.0,-0.079,9.576
60173723,1,0,-0.044,-0.012,0.002,0.006,0.0,-0.029300000000000003,0.029300000000000003,14.040000000000001,-0.0029000000000000002,62632.0,0.0641,0.0,16905.0,61600.0,0.0415,0.4773,0.47900000000000004,0.0,0.044,0.0,0.122,9.576
60175817,1,0,0.006,0.009000000000000001,-0.004,0.006,0.0,-0.032100000000000004,0.032100000000000004,14.040000000000001,-0.0028,62760.0,0.0675,0.0,0.0,61348.0,0.0454,0.4786,0.48100000000000004,0.0,0.061,0.0,-0.064,9.576
60180553,1,0,-0.042,0.015,0.002,0.006,0.0,-0.0329,0.0329,14.040000000000001,-0.0029000000000000002,62760.0,0.0708,0.0,4736.0,61600.0,0.0466,0.4786,0.48100000000000004,0.0,0.061,0.0,0.095,9.65
60184790,1,0,0.002,0.006,-0.003,0.006,0.0,-0.0298,0.0298,14.040000000000001,-0.0028,62760.0,0.0641,0.0,8973.0,61348.0,0.0422,0.4798,0.48200000000000004,0.0,0.073,0.0,-0.242,9.65
60189552,1,0,0.029,0.009000000000000001,-0.005,0.006,0.0,-0.030500000000000003,0.030500000000000003,14.040000000000001,-0.0028,62632.0,0.0641,0.0,13735.0,61600.0,0.0431,0.4798,0.48200000000000004,0.0,0.073,0.0,-0.216,9.65
60193865,1,0,-0.026000000000000002,0.001,0.011,0.006,0.0,-0.031400000000000004,0.031400000000000004,14.040000000000001,-0.0028,62760.0,0.0675,0.0,18048.0,61600.0,0.0443,0.47990000000000005,0.48000000000000004,0.0,0.059000000000000004,0.0,-0.146,9.65
60196559,1,0,0.031,0.036000000000000004,0.009000000000000001,0.006,0.0,-0.0328,0.0327,14.040000000000001,-0.0028,62760.0,0.0708,0.0,0.0,61728.0,0.0463,0.47990000000000005,0.48000000000000004,0.0,0.059000000000000004,0.0,-0.281,9.65
60200806,1,0,-0.008,-0.033,0.005,0.006,0.0,-0.0284,0.0284,14.040000000000001,-0.0028,62632.0,0.060700000000000004,0.0,4247.0,61476.0,0.040100000000000004,0.47990000000000005,0.48000000000000004,0.0,0.059000000000000004,0.0,0.04,9.593
60205506,1,0,0.025,0.012,0.011,0.006,0.0,-0.0281,0.0281,14.040000000000001,-0.0028,62760.0,0.060700000000000004,0.0,8947.0,61348.0,0.0398,0.4792,0.47800000000000004,0.0,0.035,0.0,-0.17500000000000002,9.593
60209553,1,0,0.036000000000000004,0.004,0.007,0.006,0.0,-0.0296,0.0296,14.040000000000001,-0.0028,62632.0,0.0641,0.0,12994.0,61348.0,0.0419,0.4792,0.47800000000000004,0.0,0.035,0.0,-0.186,9.593
60213872,1,0,0.009000000000000001,-0.031,0.01,0.006,0.0,-0.028300000000000002,0.028300000000000002,14.040000000000001,-0.0029000000000000002,62760.0,0.060700000000000004,0.0,17313.0,61600.0,0.04,0.47950000000000004,0.48000000000000004,0.0,0.033,0.0,-0.018000000000000002,9.593
60216560,1,0,0.04,-0.016,0.008,0.006,0.0,-0.027200000000000002,0.027200000000000002,14.040000000000001,-0.0028,62760.0,0.0574,0.0,0.0,61728.0,0.038400000000000004,0.47950000000000004,0.48000000000000004,0.0,0.033,0.0,-0.068,9.593
60220816,1,0,0.015,-0.056,0.011,0.005,0.0,-0.0263,0.0263,14.040000000000001,-0.0026000000000000003,62760.0,0.057300000000000004,0.0,4256.0,61600.0,0.0371,0.47950000000000004,0.48000000000000004,0.0,0.033,0.0,0.062,9.585
60223599,1,0,0.046,0.003,0.001,0.005,0.0,-0.0275,0.0275,14.040000000000001,-0.0025,62760.0,0.059000000000000004,0.0,7039.0,61600.0,0.038900000000000004,0.47950000000000004,0.48000000000000004,0.0,0.033,0.0,-0.109,9.585
60227874,1,0,0.017,-0.048,0.002,0.005,0.0,-0.028300000000000002,0.028300000000000002,14.040000000000001,-0.0025,62760.0,0.060700000000000004,0.0,11314.0,61476.0,0.040100000000000004,0.48040000000000005,0.48200000000000004,0.0,0.044,0.0,0.08,9.585
60232817,1,0,0.013000000000000001,-0.026000000000000002,-0.003,0.005,0.0,-0.024300000000000002,0.024200000000000003,14.040000000000001,-0.0023,62760.0,0.0506,0.0,16257.0,61476.0,0.034300000000000004,0.48040000000000005,0.48200000000000004,0.0,0.044,0.0,0.088,9.585
60237558,1,0,0.058,0.005,-0.007,0.004,0.0,-0.024800000000000003,0.024800000000000003,14.040000000000001,-0.0019,62760.0,0.054,0.0,0.0,61476.0,0.0351,0.4802,0.48000000000000004,0.0,0.033,0.0,0.085,9.585
60239788,1,0,0.018000000000000002,-0.007,-0.003,0.004,0.0,-0.026500000000000003,0.026500000000000003,14.040000000000001,-0.0018000000000000002,62760.0,0.057300000000000004,0.0,2230.0,61476.0,0.0375,0.4802,0.48000000000000004,0.0,0.033,0.0,0.049,9.585
60243885,1,0,0.055,0.009000000000000001,-0.011,0.003,0.0,-0.025,0.025,14.040000000000001,-0.0015,62760.0,0.054,0.0,6327.0,61600.0,0.035300000000000005,0.47950000000000004,0.47800000000000004,0.0,0.01,0.0,-0.044,9.578
60248520,1,0,0.039,-0.089,0.007,0.003,0.0,-0.0224,0.0224,14.040000000000001,-0.0013000000000000002,62632.0,0.0472,0.0,10962.0,61348.0,0.0316,0.47950000000000004,0.47800000000000004,0.0,0.01,0.0,-0.047,9.578
60252558,1,0,0.035,0.018000000000000002,-0.008,0.002,0.0,-0.0233,0.0233,14.040000000000001,-0.0011,62500.0,0.0506,0.0,15000.0,61728.0,0.033,0.47950000000000004,0.47800000000000004,0.0,0.01,0.0,-0.164,9.578
60256844,1,0,0.054,-0.031,0.005,0.002,0.0,-0.0239,0.0239,14.040000000000001,-0.0008,62760.0,0.0506,0.0,0.0,61476.0,0.033800000000000004,0.4786,0.47700000000000004,0.0,-0.009000000000000001,0.0,0.018000000000000002,9.578
60261552,1,0,0.036000000000000004,-0.097,0.014,0.002,0.0,-0.020900000000000002,0.020800000000000003,14.040000000000001,-0.0007,62632.0,0.0438,0.0,4708.0,61348.0,0.029500000000000002,0.4786,0.47700000000000004,0.0,-0.009000000000000001,0.0,-0.039,9.591000000000001
60265558,1,0,0.035,0.011,0.003,0.001,0.0,-0.0223,0.0223,14.040000000000001,-0.0005,62632.0,0.0472,0.0,8714.0,61476.0,0.0315,0.4773,0.47500000000000003,0.0,-0.032,0.0,-0.046,9.591000000000001
60270682,1,0,0.038,-0.068,0.007,0.0,0.0,-0.0229,0.0229,14.040000000000001,-0.0002,62500.0,0.0506,0.0,13838.0,61476.0,0.0324,0.4773,0.47500000000000003,0.0,-0.032,0.0,0.055,9.591000000000001
60272815,1,0,0.026000000000000002,-0.035,0.006,0.0,0.0,-0.0196,0.0196,14.040000000000001,-0.0001,62632.0,0.0405,0.0,15971.0,61600.0,0.027700000000000002,0.4773,0.47500000000000003,0.0,-0.032,0.0,-0.177,9.591000000000001
60277559,1,0,0.032,-0.06,0.003,-0.001,0.0,-0.0199,0.0199,14.040000000000001,0.00030000000000000003,62632.0,0.0438,0.0,0.0,61100.0,0.0281,0.47690000000000005,0.47600000000000003,0.0,-0.035,0.0,0.054,9.591000000000001
60279815,1,0,0.007,-0.034,0.001,-0.001,0.0,-0.022000000000000002,0.022000000000000002,14.040000000000001,0.00030000000000000003,62632.0,0.0472,0.0,2256.0,61600.0,0.031100000000000003,0.47690000000000005,0.47600000000000003,0.0,-0.035,0.0,-0.064,9.591000000000001
60283897,1,0,0.015,-0.051000000000000004,-0.008,-0.001,0.0,-0.0199,0.0199,14.030000000000001,0.0007,62500.0,0.0438,0.0,6338.0,61348.0,0.0281,0.47690000000000005,0.47700000000000004,0.0,-0.027,0.0,0.162,9.618
60288514,1,0,0.009000000000000001,-0.115,0.004,-0.002,0.0,-0.0201,0.0201,14.030000000000001,0.0007,62760.0,0.0438,0.0,10955.0,61600.0,0.0285,0.47690000000000005,0.47700000000000004,0.0,-0.027,0.0,0.083,9.618
60292570,1,0,-0.005,0.002,-0.012,-0.002,0.0,-0.019200000000000002,0.019200000000000002,14.030000000000001,0.0009000000000000001,62632.0,0.0405,0.0,15011.0,61600.0,0.027200000000000002,0.47690000000000005,0.47700000000000004,0.0,-0.027,0.0,0.127,9.618
60296871,1,0,0.02,-0.079,-0.004,-0.002,0.0,-0.0193,0.0193,14.030000000000001,0.0012000000000000001,62632.0,0.0405,0.0,0.0,61476.0,0.0273,0.47590000000000005,0.47400000000000003,0.0,-0.042,0.0,0.327,9.618
60301515,1,0,-0.003,-0.054,-0.002,-0.002,0.0,-0.021,0.021,14.030000000000001,0.0011,62760.0,0.0438,0.0,4644.0,61348.0,0.0297,0.47590000000000005,0.47400000000000003,0.0,-0.042,0.0,0.029,9.601
60305831,1,0,0.014,0.002,-0.017,-0.003,0.0,-0.0183,0.0183,14.030000000000001,0.0012000000000000001,62632.0,0.0405,0.0,8960.0,61728.0,0.025900000000000003,0.4742,0.47100000000000003,0.0,-0.068,0.0,-0.067,9.601
60307831,1,0,0.027,-0.08,-0.007,-0.003,0.0,-0.017,0.017,14.030000000000001,0.0014,62632.0,0.0371,0.0,10960.0,61476.0,0.024,0.4742,0.47100000000000003,0.0,-0.068,0.0,-0.165,9.601
60312817,1,0,0.008,0.017,-0.009000000000000001,-0.003,0.0,-0.020900000000000002,0.020900000000000002,14.030000000000001,0.0016,62632.0,0.0438,0.0,15946.0,61348.0,0.0296,0.4742,0.47100000000000003,0.0,-0.068,0.0,-0.026000000000000002,9.601
60316886,1,0,0.026000000000000002,-0.068,-0.005,-0.004,0.0,-0.0183,0.0183,14.030000000000001,0.0021000000000000003,62632.0,0.0405,0.0,0.0,61476.0,0.0258,0.47340000000000004,0.47200000000000003,0.0,-0.07,0.0,0.371,9.601
60321849,1,0,0.035,-0.082,-0.008,-0.005,0.0,-0.019,0.019,14.030000000000001,0.0024000000000000002,62632.0,0.0405,0.0,4963.0,61348.0,0.0269,0.47340000000000004,0.47200000000000003,0.0,-0.07,0.0,0.279,9.594
60324660,1,0,0.015,-0.04,-0.005,-0.005,0.0,-0.0196,0.0196,14.030000000000001,0.0026000000000000003,62500.0,0.0405,0.0,7774.0,61600.0,0.027700000000000002,0.4733,0.47300000000000003,0.0,-0.059000000000000004,0.0,0.47300000000000003,9.594
60329514,1,0,0.029,-0.093,0.0,-0.006,0.0,-0.018500000000000003,0.018500000000000003,14.030000000000001,0.0029000000000000002,62500.0,0.0405,0.0,12628.0,61476.0,0.0262,0.4733,0.47300000000000003,0.0,-0.059000000000000004,0.0,0.15,9.594
60334514,1,0,-0.001,0.014,-0.009000000000000001,-0.006,0.0,-0.018600000000000002,0.018600000000000002,14.030000000000001,0.003,62632.0,0.0405,0.0,17628.0,61728.0,0.0263,0.4733,0.47300000000000003,0.0,-0.059000000000000004,0.0,0.005,9.594
60336514,1,0,0.02,-0.091,0.012,-0.007,0.0,-0.0188,0.0188,14.030000000000001,0.0033,62632.0,0.0405,0.0,0.0,61856.0,0.026600000000000002,0.4732,0.47300000000000003,0.0,-0.049,0.0,0.073,9.594
60340553,1,0,0.007,0.012,0.006,-0.007,0.0,-0.0182,0.0182,14.030000000000001,0.0033,62632.0,0.0405,0.0,4039.0,61476.0,0.0257,0.4732,0.47300000000000003,0.0,-0.049,0.0,-0.106,9.594
60344859,1,0,0.019,-0.004,-0.002,-0.008,0.0,-0.0164,0.0164,14.030000000000001,0.0036000000000000003,62500.0,0.0337,0.0,8345.0,61348.0,0.023100000000000002,0.4728,0.47200000000000003,0.0,-0.047,0.0,0.126,9.543000000000001
60349552,1,0,0.015,-0.089,0.021,-0.008,0.0,-0.0173,0.0173,14.030000000000001,0.0037,62760.0,0.0371,0.0,13038.0,61728.0,0.0245,0.4728,0.47200000000000003,0.0,-0.047,0.0,0.003,9.543000000000001
60353891,1,0,0.02,-0.013000000000000001,0.006,-0.008,0.0,-0.0175,0.0175,14.030000000000001,0.0038,62500.0,0.0371,0.0,17377.0,61600.0,0.0247,0.4721,0.47100000000000003,0.0,-0.05,0.0,-0.171,9.543000000000001
60356513,1,0,0.016,-0.081,0.019,-0.008,0.0,-0.0177,0.0177,14.030000000000001,0.004,62500.0,0.0371,0.0,0.0,61728.0,0.025,0.4721,0.47100000000000003,0.0,-0.05,0.0,0.067,9.543000000000001
60360514,1,0,0.027,0.021,0.002,-0.009000000000000001,0.0,-0.0176,0.0175,14.030000000000001,0.0041,62500.0,0.0371,0.0,4001.0,61348.0,0.024800000000000003,0.4721,0.47100000000000003,0.0,-0.05,0.0,-0.075,9.543000000000001
60364871,1,0,0.005,0.008,0.009000000000000001,-0.009000000000000001,0.0,-0.0183,0.0183,14.030000000000001,0.0044,62500.0,0.0405,0.0,8358.0,61856.0,0.0258,0.47240000000000004,0.47300000000000003,0.0,-0.034,0.0,0.176,9.661
60369514,1,0,0.019,-0.068,0.004,-0.009000000000000001,0.0,-0.0181,0.0181,14.030000000000001,0.0044,62632.0,0.0405,0.0,13001.0,61476.0,0.0256,0.47240000000000004,0.47300000000000003,0.0,-0.034,0.0,-0.02,9.661
60373551,1,0,0.017,0.056,-0.008,-0.009000000000000001,0.0,-0.0199,0.0198,14.030000000000001,0.0044,62632.0,0.0438,0.0,17038.0,61600.0,0.0281,0.47240000000000004,0.47300000000000003,0.0,-0.034,0.0,-0.08600000000000001,9.661
60375685,1,0,0.036000000000000004,-0.028,0.0,-0.009000000000000001,0.0,-0.019200000000000002,0.019200000000000002,14.030000000000001,0.0045000000000000005,62632.0,0.0405,0.0,0.0,61600.0,0.027100000000000003,0.47300000000000003,0.47400000000000003,0.0,-0.016,0.0,-0.106,9.661
60379879,1,0,0.022,0.06,-0.004,-0.009000000000000001,0.0,-0.0194,0.0194,14.030000000000001,0.0044,62500.0,0.0405,0.0,4194.0,61600.0,0.0274,0.47300000000000003,0.47400000000000003,0.0,-0.016,0.0,-0.256,9.661
60383935,1,0,0.0,-0.022,-0.009000000000000001,-0.009000000000000001,0.0,-0.020200000000000003,0.020200000000000003,14.030000000000001,0.0044,62500.0,0.0438,0.0,8250.0,61600.0,0.0285,0.47400000000000003,0.47600000000000003,0.0,0.008,0.0,0.10300000000000001,9.588000000000001
60388514,1,0,0.041,0.023,0.002,-0.009000000000000001,0.0,-0.020900000000000002,0.020900000000000002,14.030000000000001,0.004200000000000001,62632.0,0.0438,0.0,12829.0,61728.0,0.029500000000000002,0.47400000000000003,0.47600000000000003,0.0,0.008,0.0,-0.17300000000000001,9.588000000000001
60392891,1,0,0.011,0.08,-0.01,-0.008,0.0,-0.0211,0.0211,14.030000000000001,0.0041,62632.0,0.0438,0.0,17206.0,61476.0,0.029900000000000003,0.47400000000000003,0.47600000000000003,0.0,0.008,0.0,-0.263,9.588000000000001
60396938,1,0,0.006,-0.026000000000000002,0.008,-0.008,0.0,-0.0222,0.0222,14.030000000000001,0.0041,62500.0,0.0472,0.0,0.0,61728.0,0.0313,0.4751,0.47700000000000004,0.0,0.027,0.0,-0.136,9.588000000000001
60401552,1,0,0.025,0.041,0.004,-0.008,0.0,-0.021500000000000002,0.021500000000000002,14.030000000000001,0.0039000000000000003,62632.0,0.0472,0.0,4614.0,61600.0,0.0304,0.4751,0.47700000000000004,0.0,0.027,0.0,-0.465,9.588000000000001
60405858,1,0,0.001,0.066,-0.004,-0.008,0.0,-0.0233,0.0233,14.030000000000001,0.0039000000000000003,62632.0,0.0506,0.0,8920.0,61600.0,0.0329,0.4751,0.47500000000000003,0.0,0.021,0.0,-0.34900000000000003,9.685
60407860,1,0,0.027,0.031,-0.005,-0.008,0.0,-0.0229,0.0229,14.030000000000001,0.0038,62500.0,0.0506,0.0,10922.0,61600.0,0.0324,0.4751,0.47500000000000003,0.0,0.021,0.0,-0.5700000000000001,9.685
60411948,1,0,-0.016,0.04,0.008,-0.008,0.0,-0.0239,0.0239,14.030000000000001,0.0038,62500.0,0.0506,0.0,15010.0,61600.0,0.033800000000000004,0.4751,0.47500000000000003,0.0,0.021,0.0,-0.036000000000000004,9.685
60416513,1,0,0.008,-0.019,0.01,-0.008,0.0,-0.0244,0.0244,14.030000000000001,0.0037,62240.0,0.0539,0.0,0.0,61476.0,0.0345,0.4743,0.47300000000000003,0.0,0.002,0.0,-0.138,9.685
60420910,1,0,0.003,0.057,-0.005,-0.007,0.0,-0.0263,0.0263,14.030000000000001,0.0036000000000000003,62368.0,0.057300000000000004,0.0,4397.0,61476.0,0.037200000000000004,0.4743,0.47300000000000003,0.0,0.002,0.0,-0.298,9.685
60425685,1,0,-0.035,0.024,0.0,-0.007,0.0,-0.0251,0.0251,14.030000000000001,0.0035,62760.0,0.0539,0.0,9172.0,61600.0,0.035500000000000004,0.4742,0.47400000000000003,0.0,0.0,0.0,-0.027,9.635
60427911,1,0,0.008,0.045,-0.001,-0.007,0.0,-0.0256,0.0256,14.030000000000001,0.0034000000000000002,62500.0,0.0539,0.0,11398.0,61348.0,0.0362,0.4742,0.47400000000000003,0.0,0.0,0.0,-0.17300000000000001,9.635
60432917,1,0,-0.025,0.07200000000000001,-0.016,-0.007,0.0,-0.026500000000000003,0.026500000000000003,14.030000000000001,0.0033,62760.0,0.057300000000000004,0.0,16404.0,61856.0,0.0374,0.4742,0.47400000000000003,0.0,0.0,0.0,0.039,9.635
60436964,1,0,-0.019,-0.013000000000000001,-0.001,-0.007,0.0,-0.0261,0.0261,14.030000000000001,0.0033,62500.0,0.057300000000000004,0.0,0.0,61476.0,0.0369,0.4741,0.47400000000000003,0.0,-0.002,0.0,0.018000000000000002,9.635
60441514,1,0,-0.004,0.066,-0.009000000000000001,-0.006,0.0,-0.0275,0.0275,14.030000000000001,0.0031000000000000003,62500.0,0.060700000000000004,0.0,4550.0,61476.0,0.038900000000000004,0.4741,0.47400000000000003,0.0,-0.002,0.0,-0.07,9.635
60443589,1,0,-0.024,0.004,0.001,-0.006,0.0,-0.028900000000000002,0.028800000000000003,14.030000000000001,0.0031000000000000003,62632.0,0.060700000000000004,0.0,6625.0,61476.0,0.0408,0.4741,0.47400000000000003,0.0,-0.002,0.0,0.184,9.635
60448513,1,0,0.007,0.062,-0.004,-0.006,0.0,-0.0281,0.0281,14.030000000000001,0.0029000000000000002,62500.0,0.060700000000000004,0.0,11549.0,61476.0,0.0397,0.4748,0.47600000000000003,0.0,0.012,0.0,-0.21,9.651
60452518,1,0,-0.036000000000000004,0.045,0.009000000000000001,-0.006,0.0,-0.0286,0.0285,14.030000000000001,0.0027,62632.0,0.060700000000000004,0.0,15554.0,61856.0,0.040400000000000005,0.4748,0.47600000000000003,0.0,0.012,0.0,0.008,9.651
60456980,1,0,-0.042,0.009000000000000001,0.011,-0.005,0.0,-0.0291,0.0291,14.030000000000001,0.0025,62500.0,0.064,0.0,0.0,61476.0,0.0412,0.4756,0.47700000000000004,0.0,0.025,0.0,0.0,9.651
60462512,1,0,0.025,0.079,0.005,-0.005,0.0,-0.029500000000000002,0.029500000000000002,14.030000000000001,0.0024000000000000002,62500.0,0.064,0.0,5532.0,61728.0,0.041800000000000004,0.4756,0.47700000000000004,0.0,0.025,0.0,-0.137,9.651
60464513,1,0,-0.054,0.018000000000000002,0.013000000000000001,-0.005,0.0,-0.030100000000000002,0.030100000000000002,14.030000000000001,0.0023,62500.0,0.064,0.0,7533.0,61476.0,0.0425,0.4757,0.47600000000000003,0.0,0.023,0.0,0.264,9.651
60468524,1,0,0.024,0.084,0.004,-0.004,0.0,-0.0315,0.0315,14.030000000000001,0.0021000000000000003,62760.0,0.0674,0.0,11544.0,61856.0,0.044500000000000005,0.4757,0.47600000000000003,0.0,0.023,0.0,-0.017,9.628
60472943,1,0,-0.047,0.076,0.007,-0.004,0.0,-0.0318,0.0318,14.030000000000001,0.0019,62240.0,0.0674,0.0,15963.0,61476.0,0.045000000000000005,0.4757,0.47600000000000003,0.0,0.023,0.0,0.227,9.628
60475685,1,0,0.007,0.075,0.006,-0.004,0.0,-0.032600000000000004,0.032600000000000004,14.030000000000001,0.0018000000000000002,62500.0,0.0708,0.0,0.0,61600.0,0.0461,0.4751,0.47400000000000003,0.0,0.006,0.0,-0.116,9.628
60479947,1,0,-0.05,0.07100000000000001,-0.002,-0.003,0.0,-0.0322,0.0322,14.030000000000001,0.0014,62500.0,0.06910000000000001,0.0,4262.0,61600.0,0.0455,0.4751,0.47400000000000003,0.0,0.006,0.0,-0.159,9.628
60484513,1,0,-0.054,0.033,0.001,-0.002,0.0,-0.0335,0.0335,14.030000000000001,0.0011,62500.0,0.0708,0.0,8828.0,61476.0,0.047400000000000005,0.47540000000000004,0.47600000000000003,0.0,0.011,0.0,-0.17500000000000002,9.628
60488954,1,0,-0.025,0.059000000000000004,-0.003,-0.002,0.0,-0.0342,0.0342,14.030000000000001,0.0007,62632.0,0.0741,0.0,13269.0,61728.0,0.0483,0.47540000000000004,0.47600000000000003,0.0,0.011,0.0,-0.176,9.614
60492957,1,0,-0.068,0.045,-0.009000000000000001,-0.001,0.0,-0.0332,0.0332,14.030000000000001,0.0005,62500.0,0.0708,0.0,17272.0,61600.0,0.047,0.47540000000000004,0.47600000000000003,0.0,0.011,0.0,0.171,9.614
60497514,1,0,-0.057,0.024,-0.001,-0.001,0.0,-0.033800000000000004,0.0337,14.030000000000001,0.00030000000000000003,62632.0,0.0708,0.0,0.0,61476.0,0.0477,0.4763,0.47800000000000004,0.0,0.027,0.0,0.085,9.614
60499961,1,0,-0.064,0.03,-0.003,0.0,0.0,-0.0335,0.0335,14.030000000000001,0.0001,62632.0,0.0708,0.0,2447.0,61728.0,0.047400000000000005,0.4763,0.47800000000000004,0.0,0.027,0.0,0.089,9.614
60504512,1,0,-0.073,0.013000000000000001,-0.004,0.0,0.0,-0.0345,0.0345,14.030000000000001,-0.0002,62500.0,0.0741,0.0,6998.0,61476.0,0.0488,0.4766,0.47700000000000004,0.0,0.026000000000000002,0.0,-0.029,9.614
60508967,1,0,-0.05,0.027,-0.002,0.001,0.0,-0.035300000000000005,0.035300000000000005,14.030000000000001,-0.0005,62500.0,0.0741,0.0,11453.0,61728.0,0.0499,0.4766,0.47700000000000004,0.0,0.026000000000000002,0.0,-0.057,9.561
60512969,1,0,-0.093,0.018000000000000002,0.008,0.002,0.0,-0.037200000000000004,0.037200000000000004,14.030000000000001,-0.0008,62500.0,0.0809,0.0,15455.0,61728.0,0.0526,0.4766,0.47700000000000004,0.0,0.026000000000000002,0.0,0.215,9.561
60517020,1,0,-0.07100000000000001,0.025,0.009000000000000001,0.002,0.0,-0.0361,0.0361,14.030000000000001,-0.001,62368.0,0.0775,0.0,0.0,61600.0,0.051000000000000004,0.47640000000000005,0.47600000000000003,0.0,0.017,0.0,0.056,9.561
60521514,1,0,-0.066,0.027,0.006,0.003,0.0,-0.0369,0.0369,14.030000000000001,-0.0013000000000000002,62500.0,0.0792,0.0,4494.0,61728.0,0.0522,0.47640000000000005,0.47600000000000003,0.0,0.017,0.0,-0.026000000000000002,9.561
60525680,1,0,-0.095,0.021,0.008,0.003,0.0,-0.0371,0.0371,14.030000000000001,-0.0016,62632.0,0.0809,0.0,8660.0,61856.0,0.0524,0.4776,0.48000000000000004,0.0,0.039,0.0,0.05,9.561
60527979,1,0,-0.053,0.031,0.009000000000000001,0.004,0.0,-0.0368,0.0368,14.030000000000001,-0.0018000000000000002,62632.0,0.0775,0.0,10959.0,61600.0,0.052000000000000005,0.4776,0.48000000000000004,0.0,0.039,0.0,-0.062,9.561
60532029,1,0,-0.088,0.021,0.006,0.004,0.0,-0.0366,0.0366,14.030000000000001,-0.0022,62500.0,0.0775,0.0,15009.0,61984.0,0.051800000000000006,0.4776,0.48000000000000004,0.0,0.039,0.0,0.125,9.619
60536512,1,0,-0.039,0.049,0.002,0.005,0.0,-0.0379,0.0378,14.030000000000001,-0.0024000000000000002,62632.0,0.0809,0.0,0.0,61728.0,0.053500000000000006,0.47950000000000004,0.48300000000000004,0.0,0.069,0.0,-0.057,9.619
60540989,1,0,-0.056,0.033,0.001,0.006,0.0,-0.037700000000000004,0.0376,14.030000000000001,-0.0028,62500.0,0.0809,0.0,4477.0,61348.0,0.053200000000000004,0.47950000000000004,0.48300000000000004,0.0,0.069,0.0,0.10300000000000001,9.619
60545512,1,0,-0.067,0.031,-0.002,0.006,0.0,-0.037700000000000004,0.037700000000000004,14.030000000000001,-0.003,62500.0,0.0809,0.0,9000.0,61728.0,0.0533,0.48000000000000004,0.48100000000000004,0.0,0.065,0.0,0.063,9.619
60549513,1,0,-0.026000000000000002,0.048,-0.014,0.007,0.0,-0.0376,0.0376,14.02,-0.0033,62500.0,0.0809,0.0,13001.0,61856.0,0.053200000000000004,0.48000000000000004,0.48100000000000004,0.0,0.065,0.0,-0.11900000000000001,9.546
60552043,1,0,-0.064,0.017,-0.002,0.007,0.0,-0.037200000000000004,0.0371,14.02,-0.0035,62632.0,0.0809,0.0,15531.0,61728.0,0.0526,0.48000000000000004,0.48100000000000004,0.0,0.065,0.0,0.023,9.546
60556511,1,0,-0.014,0.044,-0.008,0.008,0.0,-0.0371,0.037000000000000005,14.02,-0.0036000000000000003,62368.0,0.0809,0.0,0.0,61728.0,0.0524,0.4793,0.47800000000000004,0.0,0.038,0.0,-0.046,9.546
60560999,1,0,-0.031,0.017,-0.001,0.008,0.0,-0.0373,0.0373,14.02,-0.0038,62500.0,0.0809,0.0,4488.0,61728.0,0.0528,0.4793,0.47800000000000004,0.0,0.038,0.0,0.046,9.546
60566006,1,0,-0.05,0.013000000000000001,0.009000000000000001,0.008,0.0,-0.0378,0.037700000000000004,14.02,-0.004,62500.0,0.0809,0.0,9495.0,61728.0,0.0534,0.47850000000000004,0.47700000000000004,0.0,0.014,0.0,0.024,9.546
60568009,1,0,-0.015,0.018000000000000002,0.005,0.009000000000000001,0.0,-0.0373,0.037200000000000004,14.02,-0.0041,62500.0,0.0809,0.0,11498.0,61600.0,0.052700000000000004,0.47850000000000004,0.47700000000000004,0.0,0.014,0.0,0.042,9.546
60572067,1,0,-0.039,0.026000000000000002,0.008,0.009000000000000001,0.0,-0.0369,0.0369,14.02,-0.0043,62368.0,0.0775,0.0,15556.0,61728.0,0.0521,0.47850000000000004,0.47700000000000004,0.0,0.014,0.0,0.029,9.613
60576510,1,0,0.012,0.05,0.016,0.009000000000000001,0.0,-0.0366,0.0366,14.02,-0.0044,62500.0,0.0775,0.0,0.0,61600.0,0.051800000000000006,0.4776,0.47600000000000003,0.0,-0.006,0.0,-0.022,9.613
60580512,1,0,-0.028,0.004,0.015,0.009000000000000001,0.0,-0.0366,0.0366,14.02,-0.0045000000000000005,62500.0,0.0775,0.0,4002.0,61600.0,0.051800000000000006,0.4776,0.47600000000000003,0.0,-0.006,0.0,0.197,9.613
60585019,1,0,-0.013000000000000001,0.045,0.01,0.01,0.0,-0.0366,0.0366,14.02,-0.0046,62240.0,0.0775,0.0,8509.0,61728.0,0.051800000000000006,0.47740000000000005,0.47700000000000004,0.0,-0.009000000000000001,0.0,0.094,9.613
